1.804646965937289167e-03
2.115230855011921568e-03
2.479266944973179069e-03
2.905954482401876347e-03
3.406075925350955744e-03
3.992269417677330769e-03
4.679348156832245816e-03
5.484674725582132718e-03
6.428599847078629581e-03
7.534976650684235312e-03
8.831763444128122587e-03
1.035173022413477147e-02
1.213328677915513111e-02
1.422145331048033437e-02
1.666899809947911329e-02
1.953777096998069243e-02
2.290026624259729540e-02
2.684145467707668015e-02
3.146093069614236404e-02
3.687542915149005091e-02
4.322177523099457463e-02
5.066034205172439964e-02
5.937910331265813801e-02
6.959838341824450825e-02
8.157642510914044076e-02
9.561591529499137432e-02
1.120716339980260545e-01
1.313594196974176009e-01
1.539666776300078199e-01
1.804646965937288794e-01
1.985111662531017507e-01
2.217884966833073568e-01
2.450658271135129629e-01
2.683431575437185690e-01
2.916204879739241473e-01
3.148978184041297812e-01
3.381751488343354151e-01
3.614524792645409934e-01
3.847298096947465718e-01
4.080071401249522056e-01
4.312844705551578395e-01
4.545618009853633623e-01
4.778391314155689962e-01
5.011164618457746300e-01
5.243937922759802639e-01
5.476711227061857867e-01
5.709484531363914206e-01
5.942257835665970545e-01
6.175031139968026883e-01
6.407804444270082112e-01
6.640577748572138450e-01
6.873351052874194789e-01
7.106124357176250017e-01
7.338897661478306356e-01
7.571670965780362694e-01
7.804444270082419033e-01
8.037217574384475371e-01
8.269990878686530600e-01
8.502764182988586938e-01
8.735537487290643277e-01
8.968310791592698505e-01
9.201084095894754844e-01
9.433857400196811183e-01
9.666630704498867521e-01
9.899404008800923860e-01
1.013217731310297909e+00
1.036495061740503543e+00
1.059772392170709177e+00
1.083049722600914810e+00
1.106327053031120444e+00
1.129604383461326078e+00
1.152881713891531712e+00
1.176159044321737346e+00
1.199436374751942980e+00
1.222713705182148392e+00
1.245991035612354025e+00
1.269268366042559659e+00
1.292545696472765293e+00
1.315823026902970927e+00
1.339100357333176561e+00
1.362377687763382195e+00
1.385655018193587829e+00
1.408932348623793462e+00
1.432209679053998874e+00
1.455487009484204508e+00
1.478764339914410142e+00
1.502041670344615776e+00
1.525319000774821410e+00
1.548596331205027044e+00
1.571873661635232677e+00
1.595150992065438089e+00
1.618428322495643723e+00
1.641705652925849357e+00
1.664982983356054991e+00
1.688260313786260625e+00
1.711537644216466258e+00
1.734814974646671892e+00
1.758092305076877526e+00
1.781369635507083160e+00
1.804646965937288572e+00
