1.804646965937289167e-03 -1.791984741444148099e-01 -1.792421342534221973e-01 -1.793257027665470515e-01 -1.793675140810533086e-01 -1.797427376772751384e-01 -1.797464292460599911e-01 -1.801116198623846365e-01 -1.801701665079742942e-01 -1.802569609877238688e-01 -1.802521262025724713e-01 -1.802538858396962873e-01 -1.800876387772642473e-01 -1.798920917510602180e-01 -1.797223734769976544e-01 -1.795181267249034984e-01 -1.791819942384534903e-01 -1.789615863981589838e-01 -1.787246878801191929e-01 -1.786862678290308815e-01 -1.786757175749818516e-01 -1.786740345432351051e-01 -1.787029389945563596e-01 -1.789253739711316182e-01 -1.793861885010739621e-01 -1.799361353453662327e-01 -1.805972065544496352e-01 -1.812473027475669241e-01 -1.814846627369437193e-01 -1.816426033758361258e-01 -1.817809001173441019e-01 -1.821286355912563881e-01 -1.820510137258197214e-01 -1.813812151865579203e-01 -1.804164642565565246e-01 -1.786039684748138845e-01 -1.783072429376367785e-01 -1.779678459267685087e-01 -1.776507984923994532e-01
2.115230855011921568e-03 -2.091127054898752058e-01 -2.091458925948988246e-01 -2.092093690773420278e-01 -2.092411425078360143e-01 -2.095260304385219985e-01 -2.095288822785519312e-01 -2.098058161890586359e-01 -2.098501966116075867e-01 -2.099158951305096776e-01 -2.099122369588713455e-01 -2.099135120258101284e-01 -2.097876268744984229e-01 -2.096394160906358550e-01 -2.095106180747430824e-01 -2.093555103371796400e-01 -2.091001286718915664e-01 -2.089323907868807229e-01 -2.087520316383626173e-01 -2.087089532876816866e-01 -2.086970904951308547e-01 -2.086952305540095698e-01 -2.087275813677595959e-01 -2.089047654595452830e-01 -2.092552186157209948e-01 -2.096726857915967024e-01 -2.101733046043456066e-01 -2.106643928895487183e-01 -2.108433602329833345e-01 -2.109624216273865704e-01 -2.110665710256129923e-01 -2.113281471250673116e-01 -2.112696883049654528e-01 -2.107652275090491079e-01 -2.100362452592560714e-01 -2.086167627364059474e-01 -2.082798688186014990e-01 -2.078942329897118524e-01 -2.075330276239149563e-01
2.479266944973179069e-03 -2.437772775167877659e-01 -2.438010234740786708e-01 -2.438463749629444788e-01 -2.438691152210557544e-01 -2.440728430161942242e-01 -2.440749803127645889e-01 -2.442729337713428761e-01 -2.443046757765013621e-01 -2.443515071503263303e-01 -2.443489029469410323e-01 -2.443497031444681056e-01 -2.442599133941911471e-01 -2.441540752227465694e-01 -2.440619107256935261e-01 -2.439508717601325816e-01 -2.437681963222975701e-01 -2.436479276218535828e-01 -2.435186999816488229e-01 -2.434712015343631630e-01 -2.434580651850227484e-01 -2.434560585537148825e-01 -2.434916445552700315e-01 -2.436280425556835716e-01 -2.438790217321226139e-01 -2.441776533701464080e-01 -2.445350874970814714e-01 -2.448851012772252089e-01 -2.450124334839683393e-01 -2.450972261006591491e-01 -2.451712802403009095e-01 -2.453570438464535708e-01 -2.453153970498330450e-01 -2.449566830342225499e-01 -2.444368773824086016e-01 -2.433696699547331921e-01 -2.429917468101212841e-01 -2.425586498864812368e-01 -2.421514879678395016e-01
2.905954482401876347e-03 -2.837651229617242921e-01 -2.837802774281893980e-01 -2.838091055082591629e-01 -2.838236404361458298e-01 -2.839537110993505808e-01 -2.839552613009721505e-01 -2.840817738035739670e-01 -2.841021221799402419e-01 -2.841318603004936993e-01 -2.841302139152003803e-01 -2.841305186850062725e-01 -2.840734140633308091e-01 -2.840059435672401822e-01 -2.839468997981409171e-01 -2.838757555852953751e-01 -2.837591847038935522e-01 -2.836820341073631457e-01 -2.835994261057296906e-01 -2.835482593883333347e-01 -2.835340123278176638e-01 -2.835319228825582960e-01 -2.835701409659834860e-01 -2.836691748141731972e-01 -2.838297103026647394e-01 -2.840206808883645739e-01 -2.842488243476982701e-01 -2.844719665974344003e-01 -2.845529424060048163e-01 -2.846070883789649786e-01 -2.846541962122624003e-01 -2.847721235683766672e-01 -2.847454646616319751e-01 -2.845173047631897600e-01 -2.841855800611686189e-01 -2.834390341736409691e-01 -2.830220967191820480e-01 -2.825434511056413300e-01 -2.820911529920911431e-01
3.406075925350955744e-03 -3.296242717468012562e-01 -3.296315669879454902e-01 -3.296452281346262114e-01 -3.296522740543085805e-01 -3.297151290015273850e-01 -3.297162375642355703e-01 -3.297777694934659887e-01 -3.297877998981732506e-01 -3.298019206987994334e-01 -3.298011543069835905e-01 -3.298009060217477195e-01 -3.297736310580381414e-01 -3.297411340758749643e-01 -3.297121683897734634e-01 -3.296772907751627235e-01 -3.296211500895643853e-01 -3.295832827851452040e-01 -3.295433578051958912e-01 -3.294900086605977441e-01 -3.294749879997650455e-01 -3.294729281671192611e-01 -3.295126274450461135e-01 -3.295768146500204221e-01 -3.296547709039500118e-01 -3.297477212896679499e-01 -3.298583638980294164e-01 -3.299665229166245384e-01 -3.300054943158393095e-01 -3.300320201591276370e-01 -3.300547710701665638e-01 -3.301113581894179472e-01 -3.300981819840078657e-01 -3.299881286688779447e-01 -3.298267857285703264e-01 -3.293762794086453338e-01 -3.289268533175496723e-01 -3.284094947771354911e-01 -3.279170970062909585e-01
3.992269417677330769e-03 -3.818205886431547125e-01 -3.818207100856573777e-01 -3.818204441441779284e-01 -3.818206763461979292e-01 -3.818223384348683469e-01 -3.818231881611267586e-01 -3.818257916835599564e-01 -3.818265259212437202e-01 -3.818263602715896154e-01 -3.818264066511861676e-01 -3.818255000689388945e-01 -3.818254579050981423e-01 -3.818248010220285926e-01 -3.818230253534378171e-01 -3.818209617236568709e-01 -3.818199510665526430e-01 -3.818176744891398355e-01 -3.818167031604291495e-01 -3.817636043126617085e-01 -3.817483647275997649e-01 -3.817465115386550756e-01 -3.817858564687682810e-01 -3.818169814005293872e-01 -3.818198192348742359e-01 -3.818238363283515957e-01 -3.818279175365042466e-01 -3.818319953807823297e-01 -3.818328868969780299e-01 -3.818345801105086923e-01 -3.818353090906228542e-01 -3.818363472843754880e-01 -3.818352850652658725e-01 -3.818321731383974016e-01 -3.818249320867053154e-01 -3.816505027955389706e-01 -3.811815732212227026e-01 -3.806393933883001623e-01 -3.801181194230059956e-01
4.679348156832245816e-03 -4.406591281274699345e-01 -4.406527922820711041e-01 -4.406398625589067475e-01 -4.406339928331675648e-01 -4.405807633958563341e-01 -4.405815976084226371e-01 -4.405316310354229770e-01 -4.405241593469844119e-01 -4.405110506126481140e-01 -4.405118451981457350e-01 -4.405101131534575054e-01 -4.405346578373500743e-01 -4.405625988851828989e-01 -4.405849393134604886e-01 -4.406120090181022131e-01 -4.406605958094806930e-01 -4.406899381614352018e-01 -4.407239804743579570e-01 -4.406746244091789277e-01 -4.406599481540036112e-01 -4.406585564260439569e-01 -4.406949856211451189e-01 -4.406943522637306043e-01 -4.406299788586121591e-01 -4.405546562991031201e-01 -4.404635745747042530e-01 -4.403748283637831107e-01 -4.403416279913363596e-01 -4.403213896632109381e-01 -4.403024737378103404e-01 -4.402537915670444169e-01 -4.402634354801001071e-01 -4.403559667278131862e-01 -4.404859661216297129e-01 -4.405693723653240079e-01 -4.401022312966970662e-01 -4.395582187379690198e-01 -4.390274975481438524e-01
5.484674725582132718e-03 -5.061879593710795211e-01 -5.061759957302564006e-01 -5.061518349407537753e-01 -5.061406929504572716e-01 -5.060398778719199520e-01 -5.060410262873253906e-01 -5.059458921022023103e-01 -5.059314995290962180e-01 -5.059069630818910923e-01 -5.059084360920181878e-01 -5.059056325948991795e-01 -5.059517563288031816e-01 -5.060045651516209553e-01 -5.060474077319816466e-01 -5.060992800784788193e-01 -5.061910643502030016e-01 -5.062473264714879573e-01 -5.063117871859755814e-01 -5.062705924943740055e-01 -5.062574268423911672e-01 -5.062568326436562849e-01 -5.062872261450881428e-01 -5.062560542037545241e-01 -5.061337217546321154e-01 -5.059902650647029043e-01 -5.058172161482503704e-01 -5.056486040577379271e-01 -5.055858481415530514e-01 -5.055470432071222930e-01 -5.055111923337733959e-01 -5.054193767357878508e-01 -5.054381081171733792e-01 -5.056134662618820830e-01 -5.058612521862128064e-01 -5.061820851420669731e-01 -5.057471569612064233e-01 -5.052343884196540680e-01 -5.047231348366204573e-01
6.428599847078629581e-03 -5.780983875221804569e-01 -5.780818137262107026e-01 -5.780481569169971801e-01 -5.780327649772649679e-01 -5.778933392795569945e-01 -5.778952432550050755e-01 -5.777640625086165604e-01 -5.777443447648203945e-01 -5.777102117512046275e-01 -5.777122813380486388e-01 -5.777080645155416860e-01 -5.777721152567657503e-01 -5.778452291810772801e-01 -5.779040951081774180e-01 -5.779754015867095696e-01 -5.781025345248548275e-01 -5.781798753230231736e-01 -5.782690930714875499e-01 -5.782408607642008924e-01 -5.782301423099858173e-01 -5.782307483499118383e-01 -5.782519138754379506e-01 -5.781919288275578772e-01 -5.780230622100868132e-01 -5.778253014631262729e-01 -5.775864943838087129e-01 -5.773538895687849726e-01 -5.772670965229305118e-01 -5.772138691329982141e-01 -5.771643859641787389e-01 -5.770374226484952240e-01 -5.770632585327245545e-01 -5.773058749420194591e-01 -5.776475852977517311e-01 -5.781783693094765253e-01 -5.778135102722776750e-01 -5.773735179494570158e-01 -5.769192832706447893e-01
7.534976650684235312e-03 -6.556481155606438405e-01 -6.556281876441194534e-01 -6.555871598909480680e-01 -6.555687832471962517e-01 -6.554018373733109248e-01 -6.554050688028756344e-01 -6.552491369545444533e-01 -6.552260795213566968e-01 -6.551845923620801537e-01 -6.551871601265571998e-01 -6.551810785552784067e-01 -6.552585714702089392e-01 -6.553463639382495209e-01 -6.554156887218586247e-01 -6.554997597666945008e-01 -6.556525546153783024e-01 -6.557437102136038920e-01 -6.558506815856732786e-01 -6.558395648645390930e-01 -6.558319186357887132e-01 -6.558341568094622209e-01 -6.558436567479444257e-01 -6.557578604959122259e-01 -6.555566140333429770e-01 -6.553216880089836049e-01 -6.550371669700788546e-01 -6.547601802640214963e-01 -6.546561435801656614e-01 -6.545936330401150860e-01 -6.545345891879207345e-01 -6.543822959385501292e-01 -6.544127842526105132e-01 -6.547035031589315546e-01 -6.551096359125530011e-01 -6.558104734621719167e-01 -6.555550115963254543e-01 -6.552316449161080802e-01 -6.548757892159392524e-01
8.831763444128122587e-03 -7.376428184516853337e-01 -7.376210356122631095e-01 -7.375751579934450852e-01 -7.375553103538341482e-01 -7.373740998103841537e-01 -7.373793672994540804e-01 -7.372122143213525325e-01 -7.371882047488095280e-01 -7.371420269380243306e-01 -7.371449776868951309e-01 -7.371364644003980393e-01 -7.372220609783414202e-01 -7.373178140084860610e-01 -7.373909164553451578e-01 -7.374797460901674206e-01 -7.376466394248663017e-01 -7.377428893483558570e-01 -7.378592423909277054e-01 -7.378673814738309078e-01 -7.378627475335935992e-01 -7.378670238954643246e-01 -7.378641766239850686e-01 -7.377576610083838027e-01 -7.375409784887884124e-01 -7.372894208925633297e-01 -7.369831784269745834e-01 -7.366852854088666858e-01 -7.365721194746720490e-01 -7.365064999742682028e-01 -7.364427660644913276e-01 -7.362768661522144376e-01 -7.363090661774072121e-01 -7.366250075138580655e-01 -7.370602288765881749e-01 -7.378743794320710148e-01 -7.377580283393292415e-01 -7.375856412599991474e-01 -7.373629921526827502e-01
1.035173022413477147e-02 -8.225070412641848350e-01 -8.224850929151082957e-01 -8.224371849271416846e-01 -8.224175771745577679e-01 -8.222370688225575375e-01 -8.222452074344097639e-01 -8.220821556032626987e-01 -8.220599109714609165e-01 -8.220120285166158114e-01 -8.220152354609775447e-01 -8.220036121784671801e-01 -8.220913118063165603e-01 -8.221874470921871625e-01 -8.222567396980754451e-01 -8.223412399974674436e-01 -8.225091978953577021e-01 -8.226006456094238084e-01 -8.227169301048268268e-01 -8.227431902208156567e-01 -8.227405036171862029e-01 -8.227471438737615772e-01 -8.227338356627668103e-01 -8.226143641363807824e-01 -8.224014072444363332e-01 -8.221564730321101466e-01 -8.218556635804826760e-01 -8.215634495632712087e-01 -8.214503225909054462e-01 -8.213886192994960256e-01 -8.213257098904137576e-01 -8.211594505958700330e-01 -8.211900215446309437e-01 -8.215053263321024923e-01 -8.219295979625188542e-01 -8.227818938715412145e-01 -8.228101205516931138e-01 -8.227972227027513519e-01 -8.227204578507152366e-01
1.213328677915513111e-02 -9.084507791885542138e-01 -9.084304416664403803e-01 -9.083834330666229473e-01 -9.083658724381727945e-01 -9.082018513917676783e-01 -9.082137983851223950e-01 -9.080710812155112777e-01 -9.080535014957618056e-01 -9.080070292099201579e-01 -9.080103638834862156e-01 -9.079948537304795009e-01 -9.080783713964095671e-01 -9.081669075667259117e-01 -9.082243173033567318e-01 -9.082948252717041315e-01 -9.084501375675446688e-01 -9.085262641543161433e-01 -9.086325171767003495e-01 -9.086718904672124175e-01 -9.086689607829382398e-01 -9.086781807762418506e-01 -9.086590972226583629e-01 -9.085371490751036339e-01 -9.083481761260052689e-01 -9.081345051985052486e-01 -9.078678718291059990e-01 -9.076095031812161373e-01 -9.075060949775087815e-01 -9.074558037822834100e-01 -9.073995593757259170e-01 -9.072469296286878038e-01 -9.072723147951479161e-01 -9.075596683157883815e-01 -9.079305316810492021e-01 -9.087299981094614232e-01 -9.088705895341701035e-01 -9.089834607541966705e-01 -9.090256213171672428e-01
1.422145331048033437e-02 -9.937002895968489735e-01 -9.936833021179818370e-01 -9.936400066181381163e-01 -9.936262756003655383e-01 -9.934942707745886281e-01 -9.935110368173026840e-01 -9.934047369574136033e-01 -9.933947281686916764e-01 -9.933526753383140617e-01 -9.933560196579042101e-01 -9.933357621081272404e-01 -9.934089850647780384e-01 -9.934820895664929763e-01 -9.935195644808433313e-01 -9.935664515402394814e-01 -9.936956863542959484e-01 -9.937460138233915607e-01 -9.938324362972432713e-01 -9.938764377903070990e-01 -9.938700985087286499e-01 -9.938820156546049889e-01 -9.938641448674742085e-01 -9.937522909732592336e-01 -9.936073122187030204e-01 -9.934493216797199988e-01 -9.932452951594534785e-01 -9.930486643252429690e-01 -9.929645061258481897e-01 -9.929331306878067531e-01 -9.928893298582991411e-01 -9.927641043854805725e-01 -9.927807570268526449e-01 -9.930132487176810407e-01 -9.932885975752132612e-01 -9.939349189850464894e-01 -9.941118575888518993e-01 -9.942648004815333174e-01 -9.943462407092552580e-01
1.666899809947911329e-02 -1.076731882611903446e+00 -1.076719842526624893e+00 -1.076682764216402965e+00 -1.076674518730466490e+00 -1.076588896538275497e+00 -1.076611545269404280e+00 -1.076556701418565742e+00 -1.076557028248151804e+00 -1.076522097811708045e+00 -1.076525354720716310e+00 -1.076499414147648270e+00 -1.076556791737759422e+00 -1.076607248567502229e+00 -1.076617181080701036e+00 -1.076631362110576973e+00 -1.076722172507096342e+00 -1.076736816015138487e+00 -1.076794338694138098e+00 -1.076832236637154994e+00 -1.076818699322763084e+00 -1.076833381334239670e+00 -1.076825015059327262e+00 -1.076736812621878592e+00 -1.076654462760047837e+00 -1.076574997943009482e+00 -1.076460093197557200e+00 -1.076351249120302001e+00 -1.076295161102129416e+00 -1.076289823391025635e+00 -1.076263852949242539e+00 -1.076178776069742549e+00 -1.076183352929839909e+00 -1.076336066946330661e+00 -1.076476493561465686e+00 -1.076868045203887014e+00 -1.076966203745808759e+00 -1.077023503494928702e+00 -1.077009475302338259e+00
1.953777096998069243e-02 -1.156446232810949049e+00 -1.156440541048791903e+00 -1.156411768374198790e+00 -1.156410485959973755e+00 -1.156383983832185880e+00 -1.156413629976730917e+00 -1.156423786001712584e+00 -1.156437000613805832e+00 -1.156411479676314524e+00 -1.156414579629535533e+00 -1.156381940562477340e+00 -1.156418693477607507e+00 -1.156440147368976490e+00 -1.156415582316557389e+00 -1.156388766079954999e+00 -1.156430309786019350e+00 -1.156400247518176938e+00 -1.156420814939462360e+00 -1.156441142320796978e+00 -1.156416395534583863e+00 -1.156433926610928697e+00 -1.156443607122480621e+00 -1.156392442697745437e+00 -1.156389412410618434e+00 -1.156409069737372119e+00 -1.156407068795232362e+00 -1.156409413889686544e+00 -1.156389210420822877e+00 -1.156416458378776380e+00 -1.156413142819507023e+00 -1.156379500257643356e+00 -1.156368964612190631e+00 -1.156419822714754408e+00 -1.156389819470962532e+00 -1.156430267065072126e+00 -1.156308965210760098e+00 -1.156098223362927557e+00 -1.155808952168305925e+00
2.290026624259729540e-02 -1.232249032691720370e+00 -1.232250898819623686e+00 -1.232232102279650077e+00 -1.232239089573102575e+00 -1.232282871666505963e+00 -1.232320701275525288e+00 -1.232407981793027130e+00 -1.232436443513247104e+00 -1.232422202793304500e+00 -1.232425105323959436e+00 -1.232384651826764266e+00 -1.232396766174404412e+00 -1.232383700610780064e+00 -1.232318287178542082e+00 -1.232242919355912791e+00 -1.232225819909031017e+00 -1.232142828866724216e+00 -1.232119350519951473e+00 -1.232111117174657711e+00 -1.232071217676817820e+00 -1.232091760418110304e+00 -1.232127553022452915e+00 -1.232125852741513539e+00 -1.232216982360044621e+00 -1.232354230639884474e+00 -1.232486304051558790e+00 -1.232620710154197274e+00 -1.232643227050425061e+00 -1.232709079835247801e+00 -1.232732702956782722e+00 -1.232760363095802614e+00 -1.232731979831276803e+00 -1.232661684899492016e+00 -1.232429475846571476e+00 -1.232030878187263090e+00 -1.231540054456687239e+00 -1.230870941873287716e+00 -1.230099879601473711e+00
2.684145467707668015e-02 -1.304041854947280754e+00 -1.304052350860597675e+00 -1.304044864619793298e+00 -1.304061313521817533e+00 -1.304185454935310240e+00 -1.304232765214582646e+00 -1.304408385600404952e+00 -1.304454356175041685e+00 -1.304452938176324128e+00 -1.304455629536320327e+00 -1.304406109990425167e+00 -1.304390155557648701e+00 -1.304337652496141642e+00 -1.304225384348771000e+00 -1.304094336938777632e+00 -1.304010269902814878e+00 -1.303866586244438075e+00 -1.303792615898594853e+00 -1.303745915823106616e+00 -1.303687101646850088e+00 -1.303710942884715340e+00 -1.303780174519640012e+00 -1.303839179166281559e+00 -1.304038096784442491e+00 -1.304310057767408271e+00 -1.304595662100517250e+00 -1.304881349201050256e+00 -1.304952737900241244e+00 -1.305062930413361411e+00 -1.305117417111411493e+00 -1.305215263933495962e+00 -1.305166507929645947e+00 -1.304957746587159129e+00 -1.304493988122174208e+00 -1.303576036549672024e+00 -1.302568636040431826e+00 -1.301249284649574234e+00 -1.299781627585639754e+00
3.146093069614236404e-02 -1.372153007763736277e+00 -1.372173150107605100e+00 -1.372178101456507759e+00 -1.372205174444401488e+00 -1.372419400743969842e+00 -1.372477654297890703e+00 -1.372752693746448927e+00 -1.372818479810899772e+00 -1.372831238894666628e+00 -1.372833728325029590e+00 -1.372773709286108534e+00 -1.372726555548239968e+00 -1.372629925693916952e+00 -1.372464751193904764e+00 -1.372270856157329133e+00 -1.372111913365993807e+00 -1.371899724295419176e+00 -1.371768978783522108e+00 -1.371675004723955649e+00 -1.371593643992387479e+00 -1.371621225582140280e+00 -1.371730621465144129e+00 -1.371860679936158345e+00 -1.372180768740042023e+00 -1.372604398302388562e+00 -1.373062643804823679e+00 -1.373518523477668341e+00 -1.373644706694896467e+00 -1.373805059317299904e+00 -1.373894256031010119e+00 -1.374070864893848443e+00 -1.373999285128345793e+00 -1.373635493949327602e+00 -1.372911295981928737e+00 -1.371397607788807482e+00 -1.369734930417434660e+00 -1.367580738111603633e+00 -1.365205430933940089e+00
3.687542915149005091e-02 -1.437244022275971478e+00 -1.437274865836826843e+00 -1.437293319953497184e+00 -1.437332247274368369e+00 -1.437646776376633850e+00 -1.437717666213839118e+00 -1.438103952939988162e+00 -1.438192070242782838e+00 -1.438220330224217136e+00 -1.438222645865749882e+00 -1.438150455949755324e+00 -1.438068951017343000e+00 -1.437923313715478990e+00 -1.437698689089941029e+00 -1.437434204806093740e+00 -1.437192175188419352e+00 -1.436903039283465633e+00 -1.436708858698519720e+00 -1.436559512637862746e+00 -1.436451943871242642e+00 -1.436483886084424233e+00 -1.436639950955298062e+00 -1.436851153545747328e+00 -1.437306655248911103e+00 -1.437900095134965639e+00 -1.438551311697922275e+00 -1.439197530340297071e+00 -1.439384724788023373e+00 -1.439601572908508320e+00 -1.439729571568193034e+00 -1.439993993324628185e+00 -1.439897071715790178e+00 -1.439361046338577532e+00 -1.438345726669507219e+00 -1.436158492323745817e+00 -1.433708739625814355e+00 -1.430542533250191761e+00 -1.427055048172941598e+00
4.322177523099457463e-02 -1.500219100681814188e+00 -1.500261832314482069e+00 -1.500294932444981910e+00 -1.500347111002724665e+00 -1.500773504373450917e+00 -1.500859027797740275e+00 -1.501370044148257366e+00 -1.501483389526269141e+00 -1.501528599396028119e+00 -1.501530786908136017e+00 -1.501444453142798618e+00 -1.501325107779278634e+00 -1.501124969628805372e+00 -1.500833397367636879e+00 -1.500489456969062552e+00 -1.500155102999574108e+00 -1.499779349970853826e+00 -1.499514153461513288e+00 -1.499301455593669230e+00 -1.499163773965960011e+00 -1.499200903013125696e+00 -1.499410416840234905e+00 -1.499713397560913375e+00 -1.500320546245095255e+00 -1.501104516984468562e+00 -1.501971861957464238e+00 -1.502831391416642681e+00 -1.503086642778441284e+00 -1.503367290651450361e+00 -1.503538765613696260e+00 -1.503901349037012558e+00 -1.503776389419027915e+00 -1.503048911548405142e+00 -1.501707727930301717e+00 -1.498761705081937734e+00 -1.495393798542534292e+00 -1.491039209539543942e+00 -1.486236114628768146e+00
5.066034205172439964e-02 -1.562152294688077703e+00 -1.562208325395587183e+00 -1.562257422392218764e+00 -1.562324514630794248e+00 -1.562876523536933959e+00 -1.562979068378858027e+00 -1.563630867147229653e+00 -1.563772896864205508e+00 -1.563836777423747604e+00 -1.563838900237477958e+00 -1.563736072340200067e+00 -1.563574758222718852e+00 -1.563313599850080893e+00 -1.562946157908493117e+00 -1.562512208224975163e+00 -1.562074560271412560e+00 -1.561600682522162220e+00 -1.561255430941376643e+00 -1.560970867116070249e+00 -1.560798691367028868e+00 -1.560842080231816809e+00 -1.561112633936306171e+00 -1.561519439538059162e+00 -1.562297607402697297e+00 -1.563296823794376955e+00 -1.564407906501138479e+00 -1.565508158700222197e+00 -1.565839879074056862e+00 -1.566193076801218664e+00 -1.566413631250350491e+00 -1.566886879602942706e+00 -1.566730951597765209e+00 -1.565789499143098729e+00 -1.564081432858581477e+00 -1.560277740404947711e+00 -1.555852558557323739e+00 -1.550123201791522076e+00 -1.543791116045272638e+00
5.937910331265813801e-02 1.517355683793008225e+00 1.517284625607312920e+00 1.517217851475901380e+00 1.517133815362684990e+00 1.516439382787802215e+00 1.516316935388161591e+00 1.515504771503087378e+00 1.515329847256643436e+00 1.515245158063783570e+00 1.515243012778074494e+00 1.515365152222942990e+00 1.515573496796548403e+00 1.515903638480123217e+00 1.516357795861948299e+00 1.516894589141706273e+00 1.517448947485318556e+00 1.518034939519096183e+00 1.518471301018891939e+00 1.518837432486760619e+00 1.519049197923292960e+00 1.518998162625560422e+00 1.518657603280460400e+00 1.518132593741992498e+00 1.517159686824878895e+00 1.515915015653255482e+00 1.514526422448131404e+00 1.513151882259207603e+00 1.512733349586762976e+00 1.512296878721233195e+00 1.512020337708116502e+00 1.511420817817286100e+00 1.511610848240747318e+00 1.512793318740587312e+00 1.514917777968672441e+00 1.519698100314379019e+00 1.525337753933674101e+00 1.532651449063701321e+00 1.540750257510196342e+00
6.959838341824450825e-02 1.453837001737798396e+00 1.453748768028599869e+00 1.453662183195968849e+00 1.453558691110762080e+00 1.452701009321125225e+00 1.452555156373428247e+00 1.451558433246556312e+00 1.451345425077842810e+00 1.451237218646753036e+00 1.451234928567022964e+00 1.451379774712947546e+00 1.451641452949389288e+00 1.452050437961328377e+00 1.452604645363634983e+00 1.453260070883274135e+00 1.453947779038644139e+00 1.454663085112868792e+00 1.455204240303147989e+00 1.455663484590733692e+00 1.455920894600128968e+00 1.455860404756517346e+00 1.455438875732642412e+00 1.454777942109383160e+00 1.453580850335813635e+00 1.452053309241511325e+00 1.450345325482652603e+00 1.448654816217579411e+00 1.448136553285820138e+00 1.447603483930324675e+00 1.447262304181779369e+00 1.446516652630864819e+00 1.446743957760543653e+00 1.448200194008438579e+00 1.450801379511298395e+00 1.456704427072601060e+00 1.463744802257672006e+00 1.472890498032347839e+00 1.483034856746743735e+00
8.157642510914044076e-02 1.387527198832110287e+00 1.387419100462588872e+00 1.387309979223731338e+00 1.387183899747710836e+00 1.386136975583485365e+00 1.385963425699379581e+00 1.384752023705615898e+00 1.384494483209545157e+00 1.384359301495778238e+00 1.384356689593400969e+00 1.384528354415334839e+00 1.384851261342070483e+00 1.385351377675751561e+00 1.386022142190759476e+00 1.386815758187776471e+00 1.387657592927921790e+00 1.388523505517502254e+00 1.389186480160475634e+00 1.389752915974898251e+00 1.390063242991350645e+00 1.389990895752271971e+00 1.389474687367034500e+00 1.388655591534246225e+00 1.387197449413410721e+00 1.385340306493567430e+00 1.383260555062314046e+00 1.381201850664032227e+00 1.380567568860066707e+00 1.379921169220935440e+00 1.379504392108268140e+00 1.378586972559031398e+00 1.378854362081692653e+00 1.380624000487044034e+00 1.383775663546030543e+00 1.390982953567800662e+00 1.399651760236614972e+00 1.410932414785651901e+00 1.423461632260727860e+00
9.561591529499137432e-02 1.316997138158554570e+00 1.316865790443095152e+00 1.316730644631587177e+00 1.316578051016629614e+00 1.315309259040569501e+00 1.315102711874631680e+00 1.313638908534234151e+00 1.313328762249615478e+00 1.313162165055324904e+00 1.313158959985863072e+00 1.313362446352117852e+00 1.313756495771022603e+00 1.314363124654672532e+00 1.315171002078753260e+00 1.316127182544865715e+00 1.317149205621956476e+00 1.318192225550845365e+00 1.318998263545074101e+00 1.319689281545571635e+00 1.320061301121571162e+00 1.319973831132260633e+00 1.319345520457661625e+00 1.318340001071763412e+00 1.316574297275902250e+00 1.314328751840865062e+00 1.311811252892965518e+00 1.309318385102208993e+00 1.308547367310611609e+00 1.307766402989686050e+00 1.307259993951930266e+00 1.306137232738307397e+00 1.306446365951329236e+00 1.308577096928953409e+00 1.312369365551249389e+00 1.321108222082616468e+00 1.331689563228910966e+00 1.345484422788868484e+00 1.360821747278744054e+00
1.120716339980260545e-01 1.240739687480532982e+00 1.240580807430084143e+00 1.240415166966277072e+00 1.240231105549304935e+00 1.238699259609338466e+00 1.238453106600043707e+00 1.236689303606872237e+00 1.236316349677222481e+00 1.236112602821115791e+00 1.236108383078288409e+00 1.236349820175002723e+00 1.236827498989615748e+00 1.237559979772675067e+00 1.238530720129842333e+00 1.239680022519536795e+00 1.240915078677210737e+00 1.242168392444981784e+00 1.243144107783351604e+00 1.243981349324275509e+00 1.244425643355248523e+00 1.244318471722436037e+00 1.243555575224708054e+00 1.242327316489900024e+00 1.240194865289487636e+00 1.237486293373449620e+00 1.234447209012922153e+00 1.231436058495508856e+00 1.230501690039460305e+00 1.229558877393138738e+00 1.228944631763638551e+00 1.227571806008313837e+00 1.227921671676174054e+00 1.230470263480209603e+00 1.235013039884731212e+00 1.245570192634200435e+00 1.258423700630066921e+00 1.275215563967574628e+00 1.293898136107523689e+00
1.313594196974176009e-01 1.157158954474144519e+00 1.156967079818610911e+00 1.156765190390398157e+00 1.156543358327542403e+00 1.154696038919569956e+00 1.154401950682103051e+00 1.152277601063008472e+00 1.151828817089216361e+00 1.151580448415227886e+00 1.151574530028161902e+00 1.151861452540765551e+00 1.152438536493250787e+00 1.153321327152790898e+00 1.154487435408926066e+00 1.155868466982975740e+00 1.157358204044581340e+00 1.158863652962327295e+00 1.160042514296577565e+00 1.161053030373224715e+00 1.161582305043935115e+00 1.161448819717798342e+00 1.160521848766820074e+00 1.159023587573362546e+00 1.156448247738095736e+00 1.153180937275311457e+00 1.149512600427718301e+00 1.145874614492268462e+00 1.144742258890811160e+00 1.143601997471767051e+00 1.142855916326828147e+00 1.141172196771133240e+00 1.141556291849486371e+00 1.144589104599817331e+00 1.150015745671926881e+00 1.162755626891821104e+00 1.178342140717029363e+00 1.198754482591382509e+00 1.221473204907725929e+00
1.539666776300078199e-01 1.064554293668784624e+00 1.064322396444090879e+00 1.064076805623864086e+00 1.063809109378399009e+00 1.061578988624123809e+00 1.061226338447085915e+00 1.058663587636868852e+00 1.058122140560279867e+00 1.057819300165699694e+00 1.057810559684175811e+00 1.058152277689991649e+00 1.058848791591947558e+00 1.059913026874615749e+00 1.061315879130485973e+00 1.062977840809763208e+00 1.064775465408603905e+00 1.066586226626114131e+00 1.068010539377001189e+00 1.069228239495123578e+00 1.069857580629467453e+00 1.069687917497184060e+00 1.068557461118153418e+00 1.066726758134254105e+00 1.063609250427762776e+00 1.059658818873827180e+00 1.055221104368127216e+00 1.050814123146735835e+00 1.049437966364174191e+00 1.048052922328839953e+00 1.047142729677100537e+00 1.045063278425775177e+00 1.045464371867302678e+00 1.049056522120918933e+00 1.055527257577452804e+00 1.070916974531763044e+00 1.089834102280686112e+00 1.114683357031956756e+00 1.142337319658752293e+00
1.804646965937288794e-01 9.611006046181287399e-01 9.608195414599665085e-01 9.605205104104186375e-01 9.601964380761858209e-01 9.574960732046766676e-01 9.570711233639473958e-01 9.539686509469298414e-01 9.533124583760732573e-01 9.529419557506962901e-01 9.529285042662609673e-01 9.533365394711198482e-01 9.541780346368049504e-01 9.554636722639446855e-01 9.571564369351486246e-01 9.591626282775727041e-01 9.613366842679652580e-01 9.635209117087194519e-01 9.652444396912028823e-01 9.667118844671885869e-01 9.674587944874389889e-01 9.672377414412397512e-01 9.658499739461389177e-01 9.636028387252572047e-01 9.598115879511660564e-01 9.550138318254651759e-01 9.496214403069777044e-01 9.442559025015148100e-01 9.425741238098557240e-01 9.408799379585787159e-01 9.397611823365233930e-01 9.371642412227442209e-01 9.375445624569382908e-01 9.417759500566366127e-01 9.494795475227304493e-01 9.681231984310715299e-01 9.911556894160077347e-01 1.021526766301796840e+00 1.055298298245071154e+00
1.985111662531017507e-01 8.929837582700336229e-01 8.926676280958990573e-01 8.923305874919476022e-01 8.919662972132977874e-01 8.889306294370684647e-01 8.884539723580715531e-01 8.849659232669435660e-01 8.842272991475259580e-01 8.838079295281253689e-01 8.837902202943300756e-01 8.842447029449428397e-01 8.851884121037377762e-01 8.866308537923524025e-01 8.885295230999049609e-01 8.907803509762799443e-01 8.932215450319307415e-01 8.956707089800570731e-01 8.976056527399732810e-01 8.992477969436596386e-01 9.000745187837173589e-01 8.998118116143458689e-01 8.982351972994767619e-01 8.956852438119915494e-01 8.914080140166323885e-01 8.860002401198167066e-01 8.799201099172255791e-01 8.738608669753556990e-01 8.719565979448860027e-01 8.700358625149618996e-01 8.687632583782344264e-01 8.657741029667103128e-01 8.661088118615771769e-01 8.707604768066826706e-01 8.793055354716180494e-01 9.002665403685403689e-01 9.262501683384516404e-01 9.606085064253290229e-01 9.987751410084861892e-01
2.217884966833073568e-01 8.073238913590493615e-01 8.069604490515408513e-01 8.065722193504666349e-01 8.061536652019658522e-01 8.026657533608003714e-01 8.021192207144896003e-01 7.981102069196595039e-01 7.972595809902214281e-01 7.967733676032749957e-01 7.967486617578704022e-01 7.972645350672470377e-01 7.983445366344350536e-01 7.999969733303168296e-01 8.021720792893815011e-01 8.047515711644892544e-01 8.075512891622517175e-01 8.103556713666772993e-01 8.125727782216071171e-01 8.144458530237602689e-01 8.153744911966817055e-01 8.150485686443834643e-01 8.132096623100436572e-01 8.102430504243463005e-01 8.053025642118671890e-01 7.990638142470770644e-01 7.920461443897506282e-01 7.850367435138858596e-01 7.828258351293105877e-01 7.805909129704616811e-01 7.791035129392244185e-01 7.755523786501824501e-01 7.757817173135449496e-01 7.809494923045993131e-01 7.905749411258188308e-01 8.146552094693658708e-01 8.446413421494366469e-01 8.844445709281438806e-01 9.285746658905006390e-01
2.450658271135129629e-01 7.237177863130026534e-01 7.233045023274311536e-01 7.228624327540577044e-01 7.223867262437995151e-01 7.184227308535716672e-01 7.178025115161901226e-01 7.132437939957412265e-01 7.122742234422855256e-01 7.117164129737847400e-01 7.116827254631858946e-01 7.122615089203149230e-01 7.134829775521830397e-01 7.153545797585382227e-01 7.178190176522929455e-01 7.207427542137841980e-01 7.239175598545151136e-01 7.270930053272315341e-01 7.296031343075346509e-01 7.317132494699730705e-01 7.327415812058365452e-01 7.323399483403517651e-01 7.302150299941371214e-01 7.267989966771710719e-01 7.211500126865614257e-01 7.140256446948070046e-01 7.060076891080881989e-01 6.979787328859202722e-01 6.954363214016503481e-01 6.928593088580629056e-01 6.911361666232701539e-01 6.869499605641747886e-01 6.870106853707279582e-01 6.926547759089365375e-01 7.033449658003072535e-01 7.306991080672338157e-01 7.649272385405400110e-01 8.105476921279004543e-01 8.609897921761079376e-01
2.683431575437185690e-01 6.418370141597083967e-01 6.413711891586757474e-01 6.408724314587145310e-01 6.403364912265204767e-01 6.358708881207217889e-01 6.351729252884349419e-01 6.300336874840651857e-01 6.289376213282148465e-01 6.283028992508183919e-01 6.282578587210988497e-01 6.289009006445324124e-01 6.302691639417892233e-01 6.323694716255359172e-01 6.351366739148041063e-01 6.384209371075882933e-01 6.419882123546448716e-01 6.455511295443571163e-01 6.483650805827456676e-01 6.507178586276939347e-01 6.518423920289259099e-01 6.513503827026478898e-01 6.489126237322022650e-01 6.450106659436593004e-01 6.386033340377877954e-01 6.305332316300337192e-01 6.214458222699293932e-01 6.123200405270489144e-01 6.094181610874374044e-01 6.064675444721281394e-01 6.044848274175179670e-01 5.995788605259272375e-01 5.993945770681049501e-01 6.054619018579903145e-01 6.171880193192802455e-01 6.479783146092585877e-01 6.867088046894446185e-01 7.385552724418081860e-01 7.956720915308750364e-01
2.916204879739241473e-01 5.614411904828106037e-01 5.609199496464144508e-01 5.603614590919697713e-01 5.597620099841420505e-01 5.547677051908482815e-01 5.539877099926454607e-01 5.482350685657207956e-01 5.470043287436663348e-01 5.462868301085584966e-01 5.462276778631214302e-01 5.469361121448569341e-01 5.484565097640685671e-01 5.507953222163263218e-01 5.538792046684611892e-01 5.575409271896162311e-01 5.615186796702916761e-01 5.654858350713601878e-01 5.686142239211272598e-01 5.712146336784732492e-01 5.724302974840346225e-01 5.718308177518586222e-01 5.690501735295663277e-01 5.646217833180097179e-01 5.574014441067702830e-01 5.483199402774618925e-01 5.380871467872495595e-01 5.277790696648148039e-01 5.244865049460636364e-01 5.211268896067060563e-01 5.188576248040794869e-01 5.131345727102576415e-01 5.126142061793356186e-01 5.190364134723697287e-01 5.317541717156608616e-01 5.661506039709064408e-01 6.096670618457407098e-01 6.681888978304355575e-01 7.323542343189840542e-01
3.148978184041297812e-01 4.823468202001734983e-01 4.817671215756024750e-01 4.811456693149652186e-01 4.804792512647846903e-01 4.749276309204659152e-01 4.740610831358194055e-01 4.676600871098843260e-01 4.662858616536474932e-01 4.654791507828477948e-01 4.654026885399354940e-01 4.661773562138054050e-01 4.678551887027701528e-01 4.704425132599070469e-01 4.738574119021564113e-01 4.779140482526614830e-01 4.823208035557364215e-01 4.867092276633183112e-01 4.901623398935862630e-01 4.930144247097035803e-01 4.943143658235580884e-01 4.935876962830972325e-01 4.904306024011303444e-01 4.854310394372060022e-01 4.773380658659335807e-01 4.671736108209483262e-01 4.557124941238042126e-01 4.441279591371532498e-01 4.404099977352429196e-01 4.366018356786346977e-01 4.340157125509986336e-01 4.273645639798970830e-01 4.264008032356536582e-01 4.330923348870655554e-01 4.467399427528903622e-01 4.849210700267621577e-01 5.335348794873969736e-01 5.992289713230571913e-01 6.708256367543949938e-01
3.381751488343354151e-01 4.044089117754355311e-01 4.037675512184264459e-01 4.030797304384514668e-01 4.023427015963250142e-01 3.962036342277114875e-01 3.952457770989213914e-01 3.881594056721101582e-01 3.866322185420730806e-01 3.857292487035868245e-01 3.856317902924788488e-01 3.864732029740834407e-01 3.883136740107841489e-01 3.911596613728545169e-01 3.949202601190724415e-01 3.993897276015224151e-01 4.042444490247671385e-01 4.090713252937521749e-01 4.128589434744467379e-01 4.159656368315561847e-01 4.173410010570762219e-01 4.164645148789050122e-01 4.128936452888566366e-01 4.072736968681709979e-01 3.982431963201594760e-01 3.869181064799567804e-01 3.741383644082465487e-01 3.611740010312450844e-01 3.569922430309458994e-01 3.526915817958648502e-01 3.497547105848643478e-01 3.420496396240404469e-01 3.405174714115011825e-01 3.473736856334925238e-01 3.618699589587767718e-01 4.040251233678393006e-01 4.580823863316174083e-01 5.315033024808442086e-01 6.109219412743451816e-01
3.614524792645409934e-01 3.275095497581533288e-01 3.268031659379893039e-01 3.260454014338199924e-01 3.252339459758996631e-01 3.184757893033559051e-01 3.174216215114203932e-01 3.096107515960582202e-01 3.079204300206115352e-01 3.069134943689596495e-01 3.067908173858155396e-01 3.076991220594053611e-01 3.097072836380136973e-01 3.128221643229762150e-01 3.169434448736559995e-01 3.218440815366754304e-01 3.271660928786310207e-01 3.324486457227242564e-01 3.365799164092542761e-01 3.399428478354414307e-01 3.413825390787246228e-01 3.403304432399016921e-01 3.363044526928117284e-01 3.300101499999362198e-01 3.199716957901457270e-01 3.074018605836573714e-01 2.932054378469652334e-01 2.787481892536914363e-01 2.740603361094119950e-01 2.692185247544687243e-01 2.658931952641404584e-01 2.569925489851624945e-01 2.547477681350282519e-01 2.616432676996346962e-01 2.768859976702439663e-01 3.232188476840193170e-01 3.831105945407266566e-01 4.648847700055835919e-01 5.525232562740104436e-01
3.847298096947465718e-01 2.515505801203117286e-01 2.507756256692270092e-01 2.499441485205520230e-01 2.490542614585555259e-01 2.416439159307180173e-01 2.404881911679370432e-01 2.319115028350183239e-01 2.300471684139078488e-01 2.289278648075588618e-01 2.287751335536603869e-01 2.297500624581721440e-01 2.319307855655399209e-01 2.353248242287444836e-01 2.398220005031161672e-01 2.451725369450680758e-01 2.509814687381818898e-01 2.567368595295397848e-01 2.612201527132316792e-01 2.648394627121851697e-01 2.663298953542044267e-01 2.650729772735308520e-01 2.605462321510612633e-01 2.535185608071824359e-01 2.423959303623963724e-01 2.284905005380061249e-01 2.127712332600486533e-01 1.966978746929783639e-01 1.914575215920163442e-01 1.860209566943116510e-01 1.822654291386276160e-01 1.720107583208416724e-01 1.688886075248041962e-01 1.756756627242423152e-01 1.915403929216127343e-01 2.422741870702175004e-01 3.084505569561418192e-01 3.992952455183210181e-01 4.955582012358273336e-01
4.080071401249522056e-01 1.764487286584096037e-01 1.756014903848900632e-01 1.746923444177506946e-01 1.737198151651507261e-01 1.656225876585278312e-01 1.643598345875147693e-01 1.549737237585583349e-01 1.529237605956236257e-01 1.516830044287601209e-01 1.514947528287775846e-01 1.525355047715359624e-01 1.548934287764450191e-01 1.585769253367420029e-01 1.634654173128857191e-01 1.692848818492148633e-01 1.756006540130164717e-01 1.818459108054618356e-01 1.866886193520656545e-01 1.905627992355296563e-01 1.920876685020648234e-01 1.905930098817946727e-01 1.855153404699582120e-01 1.776899623553205299e-01 1.654008862375438704e-01 1.500619829974320363e-01 1.327052817199499413e-01 1.148820042428294746e-01 1.090384683389127446e-01 1.029483948709701141e-01 9.871672746045488667e-02 8.693196274054737493e-02 8.274593851521226673e-02 8.925303750477495135e-02 1.055921969003063426e-01 1.609773720457199075e-01 2.339670788052937711e-01 3.347149970254577056e-01 4.400123968993955859e-01
4.312844705551578395e-01 1.021320807771713135e-01 1.012087034740081909e-01 1.002177868750949996e-01 9.915825439217106074e-02 9.033783644999755780e-02 8.896230752886787052e-02 7.872105344725303933e-02 7.647297790144381990e-02 7.510090279774618571e-02 7.487107325363322186e-02 7.597635321588966373e-02 7.851572318029709230e-02 8.249892539548317472e-02 8.779438576346099143e-02 9.410205714682004507e-02 1.009447236174714352e-01 1.076967081209981303e-01 1.129050193411269692e-01 1.170306582483919972e-01 1.185707643848814691e-01 1.168014487777471605e-01 1.111178945191323153e-01 1.024249999390002136e-01 8.888091793414812369e-02 7.200349012314458119e-02 5.288626187940276280e-02 3.316906215607228620e-02 2.666779025646774659e-02 1.986120249305834209e-02 1.510454413561318487e-02 1.650687524589977435e-03 -3.893944723358374379e-03 2.183086463603785016e-03 1.880525341384831073e-02 7.912998094259787729e-02 1.595667899180924221e-01 2.711972455771202162e-01 3.859403690470498138e-01
4.545618009853633623e-01 2.853928419492991406e-02 2.753577402030818119e-02 2.645885229670418351e-02 2.530784368393795836e-02 1.572840496004416708e-02 1.423466327523029672e-02 3.112231856554295833e-03 7.726874049327409674e-04 -9.985359955408156310e-04 -1.254305266352171702e-03 -1.121973615725361390e-01 2.763512792031402789e-03 7.032922039665140575e-03 1.274439923153130108e-02 1.955711076215974412e-02 2.694544487842540081e-02 3.421991660166636556e-02 3.979739501462055407e-02 4.416897469305734736e-02 4.570193859221365063e-02 4.361690300366549006e-02 3.726734365421348338e-02 2.763295755661357780e-02 1.274173342762060374e-02 -5.807193420986239349e-03 -2.680756656336012733e-02 -4.857551914623052525e-02 -5.579548135936001491e-02 -6.339064271707760267e-02 -6.873017601941798504e-02 -8.417816342802865448e-02 -9.114307448496258846e-02 -8.580746476040085335e-02 -6.905229308232048446e-02 -3.470993637880878235e-03 8.521278505436366557e-02 2.088881020746771455e-01 3.334797662931470175e-01
4.778391314155689962e-01 -4.439464638586219231e-02 -4.548265134697601630e-02 -4.665024945165297671e-02 -4.789772445076511537e-02 -5.827971364547167299e-02 -5.989910355606119924e-02 -7.199817569404053097e-02 -7.468345515106999954e-02 -7.635142321307072932e-02 -7.668603420974283436e-02 -7.545801261761019008e-02 -7.254421584640434462e-02 -6.793124472819191129e-02 -6.177426570373535653e-02 -5.443087523865588334e-02 -4.647351159723600578e-02 -3.865892308467034494e-02 -3.269976276217144429e-02 -2.808984327053232893e-02 -2.658990270084572033e-02 -2.903614019641789085e-02 -3.611709287172385624e-02 -4.678179572627629706e-02 -6.312804133281066377e-02 -8.342847815671605716e-02 -1.064742354717314460e-01 -1.304618850618877723e-01 -1.384645198199175864e-01 -1.469225886649487833e-01 -1.529030429885463449e-01 -1.705224014106653807e-01 -1.792502968632784521e-01 -1.748585731619110573e-01 -1.582072759949127438e-01 -8.691815392439919408e-02 1.105543451046144161e-02 1.480526174240374970e-01 2.828664279940515947e-01
5.011164618457746300e-01 -1.167062087361279143e-01 -1.178831596899433398e-01 -1.191461476136750769e-01 -1.204950590256846504e-01 -1.317192257999196259e-01 -1.334702843576262288e-01 -1.465772928257867147e-01 -1.495033451947628267e-01 -1.513375846689371806e-01 -1.517368714606747160e-01 -1.504517493480036217e-01 -1.473456256716134116e-01 -1.424026060588958753e-01 -1.357904011788024778e-01 -1.278985373010088078e-01 -1.193525573246023291e-01 -1.109819696466221584e-01 -1.046465360963231839e-01 -9.980842680818130530e-02 -9.837081835974054167e-02 -1.012285686517977318e-01 -1.091117387893874163e-01 -1.208892666316867814e-01 -1.387969094380921697e-01 -1.609975847772364965e-01 -1.862291449868476167e-01 -2.126145526824106402e-01 -2.214686904128047029e-01 -2.308703821955311042e-01 -2.375556954206082816e-01 -2.575985534668899790e-01 -2.683703710051419944e-01 -2.651941961204581921e-01 -2.488798695152150964e-01 -1.713988015169093659e-01 -6.323181569018640480e-02 8.910966103636988600e-02 2.344479441998652269e-01
5.243937922759802639e-01 -1.884478842123641085e-01 -1.897183528370497974e-01 -1.910815840438498669e-01 -1.925370711096127119e-01 -2.046462967223945384e-01 -2.065358706108178788e-01 -2.207066576964276938e-01 -2.238896837476261059e-01 -2.259036559425264823e-01 -2.263769650292179747e-01 -2.250387259097186288e-01 -2.217376005291902541e-01 -2.164546329399202884e-01 -2.093709836383803591e-01 -2.009102330996350438e-01 -1.917549502685865215e-01 -1.828132483773695638e-01 -1.760987711952878565e-01 -1.710450264812637677e-01 -1.697030868611014431e-01 -1.730273398945711971e-01 -1.817894318169102075e-01 -1.947751775326554691e-01 -2.143597643513980022e-01 -2.385964092093040834e-01 -2.661737884148615563e-01 -2.951471524274478231e-01 -3.049264130983332377e-01 -3.153581990836424875e-01 -3.228168209446820036e-01 -3.455543834387642121e-01 -3.586746833712414206e-01 -3.570100385917309715e-01 -3.412811665020225038e-01 -2.569777796162954764e-01 -1.368832175407285190e-01 3.271230687210383709e-02 1.886919242293026988e-01
5.476711227061857867e-01 -2.596599737779643480e-01 -2.610287756884722699e-01 -2.624973765163312600e-01 -2.640648751663496330e-01 -2.771040320941575708e-01 -2.791392474223047815e-01 -2.944327314934253592e-01 -2.978898250448120399e-01 -3.000980749501243605e-01 -3.006558335371571355e-01 -2.992690831677524144e-01 -2.957706271232429796e-01 -2.901380343154191244e-01 -2.825663355206898264e-01 -2.735156156011611106e-01 -2.637300885247833571e-01 -2.542020891200648114e-01 -2.471085831164782087e-01 -2.418546128011782592e-01 -2.406454501939753188e-01 -2.444965198176087817e-01 -2.542198605534058964e-01 -2.685152849582814194e-01 -2.898994213965008782e-01 -3.163158828000390832e-01 -3.464078662397844233e-01 -3.781706583980428693e-01 -3.889528815015871333e-01 -4.005064212345567087e-01 -4.088112523002740972e-01 -4.345328786343755079e-01 -4.503292766952221027e-01 -4.504945152656922858e-01 -4.356093822161976048e-01 -3.436834277254714465e-01 -2.096948650504777967e-01 -2.084449926805966719e-02 1.461834671651310036e-01
5.709484531363914206e-01 -3.303801759596295406e-01 -3.318523689492995365e-01 -3.334317062495443795e-01 -3.351168790383671769e-01 -3.491326110392183879e-01 -3.513209475542546367e-01 -3.677988757643069206e-01 -3.715483165488211448e-01 -3.739665329567733454e-01 -3.746200210331650515e-01 -3.731901790416073394e-01 -3.694926896729394117e-01 -3.635007650322508166e-01 -3.554241030519242894e-01 -3.457620350857167901e-01 -3.353248611738683937e-01 -3.251957933704749393e-01 -3.177251192529358947e-01 -3.122889657973796362e-01 -3.112541013407139623e-01 -3.156973013899283531e-01 -3.264703801512467418e-01 -3.421832188830256638e-01 -3.654966432148601951e-01 -3.942440193310954299e-01 -4.270283047759420580e-01 -4.617920315151036181e-01 -4.736594002688098715e-01 -4.864313541598555557e-01 -4.956591234140297897e-01 -5.246714281479827324e-01 -5.434924405012525606e-01 -5.458253198064575429e-01 -5.320453709327331859e-01 -4.314703772508023949e-01 -2.810226996474440853e-01 -6.950506496811545420e-02 1.076047431163566492e-01
5.942257835665970545e-01 -4.006433815941879417e-01 -4.022242053847031595e-01 -4.039198319013310168e-01 -4.057285460426692802e-01 -4.207695435470109047e-01 -4.231187965286457020e-01 -4.408459021915814846e-01 -4.449071136807604132e-01 -4.475520092257772586e-01 -4.483136007155912872e-01 -4.468470208218058848e-01 -4.429491792846086962e-01 -4.365883044846742278e-01 -4.279895678390413516e-01 -4.176940883226741841e-01 -4.065835683771475972e-01 -3.958390956397100924e-01 -3.879946331488766664e-01 -3.823974959017721331e-01 -3.815825668510395841e-01 -3.866887386692817175e-01 -3.986059002992367040e-01 -4.158505284356400766e-01 -4.412295028732493019e-01 -4.724662906418632402e-01 -5.081282108101313755e-01 -5.461141267774014540e-01 -5.591522557099545265e-01 -5.732436474510997915e-01 -5.834749109312223903e-01 -6.160993746326887122e-01 -6.383126001152289453e-01 -6.431669393188619299e-01 -6.307477090385805729e-01 -5.201947403252521474e-01 -3.499288389118409559e-01 -1.125656744065036130e-01 7.368667652542362778e-02
6.175031139968026883e-01 -4.704819177746926151e-01 -4.721768301221642150e-01 -4.739945379020625293e-01 -4.759329151366956667e-01 -4.920498594045127350e-01 -4.945681283071699519e-01 -5.136123279406163977e-01 -5.180058349729270706e-01 -5.208953498102424362e-01 -5.217785807700630052e-01 -5.202824003539954223e-01 -5.161834109826511918e-01 -5.094441129354254638e-01 -5.003056824553007154e-01 -4.893541183998907362e-01 -4.775481917179606461e-01 -4.661741376462799069e-01 -4.579611166169013092e-01 -4.522271173170496761e-01 -4.516822647914172650e-01 -4.575276840289779212e-01 -4.706892246026526117e-01 -4.895864351917714186e-01 -5.171736144138778801e-01 -5.510647853957068021e-01 -5.897971035571103471e-01 -6.312342153121124344e-01 -6.455321261624342721e-01 -6.610478588931996136e-01 -6.723659579037251088e-01 -7.089369796697145842e-01 -7.349252145093704280e-01 -7.426653500531017471e-01 -7.318451698212117273e-01 -6.095796994207518527e-01 -4.150710293934899986e-01 -1.482873196697461204e-01 4.512667558652678351e-02
6.407804444270082112e-01 -5.399259888883515268e-01 -5.417406839175017419e-01 -5.436865124406596861e-01 -5.457609324300427556e-01 -5.630065016764365105e-01 -5.657022353108401846e-01 -5.861346480877427378e-01 -5.908822278389143090e-01 -5.940355863067916520e-01 -5.950550788229129751e-01 -5.935373407685282654e-01 -5.892369855502515019e-01 -5.821097385349881526e-01 -5.724134969533299921e-01 -5.607824917968049494e-01 -5.482584100871290556e-01 -5.362409123233847774e-01 -5.276662497775667093e-01 -5.218225821506282669e-01 -5.216025904486190079e-01 -5.282688519510947422e-01 -5.427811391562464838e-01 -5.634576926886178949e-01 -5.934018129768603433e-01 -6.301181136568334562e-01 -6.721194931897079838e-01 -7.172436206742081044e-01 -7.328925451741111763e-01 -7.499400679174543782e-01 -7.624307180001783646e-01 -8.032918715510594110e-01 -8.334493884891069904e-01 -8.444441614365686410e-01 -8.354300756117732929e-01 -6.991687660449092956e-01 -4.745634221617190396e-01 -1.748664979735636005e-01 2.247574717968747054e-02
6.640577748572138450e-01 -6.090039476510247241e-01 -6.109443584293923202e-01 -6.130245969426028063e-01 -6.152416952892800772e-01 -6.336706442436023101e-01 -6.365526476748932794e-01 -6.584476997190715775e-01 -6.635724292845890382e-01 -6.670101234045355820e-01 -6.681816731279014432e-01 -6.666513861341989422e-01 -6.621499454617815195e-01 -6.546251405592601325e-01 -6.443524078234117436e-01 -6.320176304915470222e-01 -6.187519203731318695e-01 -6.060773188465030659e-01 -5.971495130025256115e-01 -5.912266630711363602e-01 -5.913907569580308943e-01 -5.989650538143345138e-01 -6.149399974038096683e-01 -6.375286848092400760e-01 -6.699835175386765762e-01 -7.097008504385421412e-01 -7.551743463820660418e-01 -8.042255154723605415e-01 -8.213181529250300761e-01 -8.400068697646972948e-01 -8.537570992814756954e-01 -8.992568799548690262e-01 -9.339832096300363373e-01 -9.485977123323999782e-01 -9.415485232223641532e-01 -7.882572870956010558e-01 -5.258011916253519935e-01 -1.905594072697993080e-01 6.097978097043740657e-03
6.873351052874194789e-01 -6.777425123503049154e-01 -6.798148131995749299e-01 -6.820359961991796505e-01 -6.844026594891670090e-01 -7.040719071839559584e-01 -7.071493468137985960e-01 -7.305848818339679696e-01 -7.361111615892866888e-01 -7.398549998416890094e-01 -7.411956449904170130e-01 -7.396627862617075611e-01 -7.349609980056219793e-01 -7.270289103757143767e-01 -7.161602575853720509e-01 -7.030962225505617003e-01 -6.890645339259680036e-01 -6.757191212599052976e-01 -6.664483454305053511e-01 -6.604799817634557924e-01 -6.610919715918965878e-01 -6.696668868670877517e-01 -6.872218025967364863e-01 -7.118607513770052186e-01 -7.469845925370544037e-01 -7.898823515035653386e-01 -8.390340352469913832e-01 -8.922537402037253873e-01 -9.108833056371422598e-01 -9.313226154510464427e-01 -9.464193098746773725e-01 -9.969061033429362784e-01 -1.036599361308172762e+00 -1.055184912249530038e+00 -1.050190298629186669e+00 -8.757893532491961563e-01 -5.652659335403834584e-01 -1.940778383952848352e-01 -5.065310778095834243e-03
7.106124357176250017e-01 -7.461669571720472849e-01 -7.483775641834383707e-01 -7.507464808355071018e-01 -7.532698645551552108e-01 -7.742385425816749045e-01 -7.775209490808411283e-01 -8.025783355199008762e-01 -8.085319211239900827e-01 -8.126050970927262140e-01 -8.141331497294517217e-01 -8.126086567274053429e-01 -8.077077172691895512e-01 -7.993584003547543615e-01 -7.878734424154372196e-01 -7.740533228758006423e-01 -7.592301620945899332e-01 -7.452000502762724521e-01 -7.355980964678788814e-01 -7.296210013441231101e-01 -7.307493348086480101e-01 -7.404225496986062138e-01 -7.596799366188762281e-01 -7.865118336067978833e-01 -8.244665527576401365e-01 -8.707261523569452821e-01 -9.237624962078464508e-01 -9.813908445355800092e-01 -1.001649205900192241e+00 -1.023946835312391501e+00 -1.040475541533511850e+00 -1.096290639859212268e+00 -1.141338731392236738e+00 -1.164221066491466061e+00 -1.161276937614220017e+00 -9.601979952071362234e-01 -5.884010575727842696e-01 -1.851545475854467770e-01 -1.032821007575346860e-02
7.338897661478306356e-01 -8.143012829253829521e-01 -8.166568653308337034e-01 -8.191805695292000422e-01 -8.218681046785151212e-01 -8.441975999733694058e-01 -8.476948796530757724e-01 -8.744591013347311481e-01 -8.808671553600525561e-01 -8.852942903168721234e-01 -8.870293617775171224e-01 -8.855251471081070358e-01 -8.804266692850341025e-01 -8.716498196036739365e-01 -8.595270220693185248e-01 -8.449223744535262481e-01 -8.292808020403238389e-01 -8.145517579400436414e-01 -8.046318770455779257e-01 -7.986859672775661334e-01 -8.004035764897917682e-01 -8.112776967622121749e-01 -8.323646084582878579e-01 -8.615360352903568275e-01 -9.024855793866735088e-01 -9.522888400790687768e-01 -1.009413914527618861e+00 -1.071685346719510656e+00 -1.093661509947835286e+00 -1.117921496349814081e+00 -1.135964474205899410e+00 -1.197434070594330935e+00 -1.248204054534151730e+00 -1.275669187711478525e+00 -1.274649285775212526e+00 -1.039141716652964398e+00 -5.897779310391625396e-01 -1.651090378634697264e-01 -1.166727985503458222e-02
7.571670965780362694e-01 -8.821683681884970873e-01 -8.846758549257127680e-01 -8.873616712102475601e-01 -8.902210702025447064e-01 -9.139750742955954355e-01 -9.176975184520341777e-01 -9.462572621384353067e-01 -9.531483947964138892e-01 -9.579555760499848249e-01 -9.599186062833654498e-01 -9.584475588029969240e-01 -9.531535099466410532e-01 -9.439383175170630302e-01 -9.311547567529646630e-01 -9.157351906282226173e-01 -8.992465100703410652e-01 -8.838037095456551251e-01 -8.735804608559706308e-01 -8.677087221441361908e-01 -8.700928265842303722e-01 -8.822750942248110961e-01 -9.053224331946659875e-01 -9.369829315478289677e-01 -9.810917540826722405e-01 -1.034618476205204862e+00 -1.096030854932559917e+00 -1.163169313838779306e+00 -1.186947369208084302e+00 -1.213267275348616447e+00 -1.232901204946468710e+00 -1.300326630304537767e+00 -1.357151602069083696e+00 -1.389428688133148349e+00 -1.390050316505992312e+00 -1.109044837302385567e+00 -5.640540984754202070e-01 -1.370682067783030589e-01 -1.038961018511003025e-02
7.804444270082419033e-01 -9.497900940019207150e-01 -9.524566794411071236e-01 -9.553122085928595908e-01 -9.583514708472085086e-01 -9.835960275517131590e-01 -9.875543201581961084e-01 -1.018002057406191652e+00 -1.025406363646561125e+00 -1.030621178437634677e+00 -1.032834462601729619e+00 -1.031410437279538517e+00 -1.025923056255789945e+00 -1.016258036828238787e+00 -1.002789110605414979e+00 -9.865219112559788783e-01 -9.691552994079525307e-01 -9.529830279961557515e-01 -9.424721152460396878e-01 -9.367204652097960160e-01 -9.398523628696412446e-01 -9.534541910162392941e-01 -9.785959151456643523e-01 -1.012896668330383498e+00 -1.060327950561058996e+00 -1.117753140199929884e+00 -1.183641954854311118e+00 -1.255855264730183274e+00 -1.281511764411210397e+00 -1.309979555117190220e+00 -1.331273037568254658e+00 -1.404919055825589069e+00 -1.468082762666976571e+00 -1.505324285714591870e+00 -1.507109868693364607e+00 -1.164286841937931971e+00 -5.083440812058782621e-01 -1.054804347811382076e-01 -7.871210270501064268e-03
8.037217574384475371e-01 -1.017187451711452750e+00 -1.020020601390477788e+00 -1.023053725722724350e+00 -1.026281142660667278e+00 -1.053084692568266867e+00 -1.057289917127620438e+00 -1.089721979360476212e+00 -1.097671071580632152e+00 -1.103322637186183286e+00 -1.105809846932291673e+00 -1.104447643048552585e+00 -1.098769351310120657e+00 -1.088642135221201013e+00 -1.074461224447256891e+00 -1.057310922537362696e+00 -1.039032993049651576e+00 -1.022114302319273360e+00 -1.011332362177406186e+00 -1.005749452313306369e+00 -1.009714244185777821e+00 -1.024850597946169728e+00 -1.052222770976185329e+00 -1.089315085663956184e+00 -1.140228533872950756e+00 -1.201719208243627879e+00 -1.272259406538353232e+00 -1.349732491393857758e+00 -1.377333544289018441e+00 -1.408023973785720528e+00 -1.431034365364318939e+00 -1.511115336614399896e+00 1.560758646135184780e+00 1.518498811110561286e+00 1.516264951150126050e+00 -1.195738222555332353e+00 -4.258130211571224399e-01 -7.496307930049456170e-02 -5.197836396348514722e-03
8.269990878686530600e-01 -1.084380636147853405e+00 -1.087388092377631787e+00 -1.090606980758982880e+00 -1.094031140455188122e+00 -1.122464561103607927e+00 -1.126928206859204584e+00 -1.161444852110405490e+00 -1.169971888752916023e+00 -1.176090886065279451e+00 -1.178877076379874822e+00 -1.177592403568814561e+00 -1.171725693792329048e+00 -1.161122781086088906e+00 -1.146200858238350051e+00 -1.128128733985046761e+00 -1.108903032882458728e+00 -1.091219351674320936e+00 -1.080183687329569597e+00 -1.074820668912807475e+00 -1.079706876767417834e+00 -1.096495553809972989e+00 -1.126235148302111133e+00 -1.166268692343259916e+00 -1.220817861728660247e+00 -1.286529312626410126e+00 -1.361876207172441511e+00 -1.444763109891605168e+00 -1.474360966268530193e+00 -1.507331188053227189e+00 -1.532100643127882300e+00 1.522828362541946756e+00 1.446427546109700479e+00 1.399219431427741078e+00 1.397544104483584571e+00 -1.188432696232764929e+00 -3.278785483068296092e-01 -4.903463043252540010e-02 -3.011995726230114190e-03
8.502764182988586938e-01 -1.151389124759778504e+00 -1.154578913032104914e+00 -1.157992026437446142e+00 -1.161621818341300738e+00 -1.191758458080347749e+00 -1.196492426115134400e+00 -1.233197895987066417e+00 -1.242337606453454368e+00 -1.248956301808589409e+00 -1.252067916519729707e+00 -1.250877348030250635e+00 -1.244824647553333996e+00 -1.233731125583179988e+00 -1.218036302740247212e+00 -1.198999816092462645e+00 -1.178786244362299396e+00 -1.160316932987758953e+00 -1.149045198057837336e+00 -1.143955434609773558e+00 -1.149854514815843665e+00 -1.168415276227443345e+00 -1.200658734742353850e+00 -1.243779458907237734e+00 -1.302108654369829033e+00 -1.372180032509845216e+00 -1.452462943203035151e+00 -1.540877575926756560e+00 1.569086102374511738e+00 1.533801802326904218e+00 1.507250477040854353e+00 1.413942873174492743e+00 1.330847096300818544e+00 1.278912867320226798e+00 1.279173009985844267e+00 -1.119750010173633514e+00 -2.310439265586642088e-01 -2.941150382648567707e-02 -1.529460057094542700e-03
8.735537487290643277e-01 -1.218231743850796356e+00 -1.221612180792382985e+00 -1.225228279179135127e+00 -1.229072899636403982e+00 -1.260988603133227803e+00 -1.266005213085906078e+00 -1.305007778817536490e+00 -1.314796485441460661e+00 -1.321948742098186136e+00 -1.325413614594902922e+00 -1.324334526717537708e+00 -1.318098033920510170e+00 -1.306497252497321737e+00 -1.289994266639710396e+00 -1.269946399074935783e+00 -1.248700554208222346e+00 -1.229422397395116384e+00 -1.217932228350905310e+00 -1.213170944211641622e+00 -1.220176692578130773e+00 -1.240630217644921096e+00 -1.275511758888800529e+00 -1.321859456697655366e+00 -1.384100152096090941e+00 -1.458649276986309307e+00 -1.543964173077291502e+00 1.503623079926556860e+00 1.469951344523202641e+00 1.432347625199567487e+00 1.404015736379618184e+00 1.304111572915073403e+00 1.214452206691639446e+00 1.158196548793560599e+00 1.162312896988917377e+00 -9.659997282555314868e-01 -1.492773852536981027e-01 -1.609712928633441967e-02 -6.764374850645423539e-04
8.968310791592698505e-01 -1.284926721397215088e+00 -1.288506424252916727e+00 -1.292334575532664509e+00 -1.296403535529180306e+00 -1.330176659170649645e+00 -1.335488657243593558e+00 -1.376900654078869968e+00 -1.387376293329141586e+00 -1.395097569865381582e+00 -1.398944918663687531e+00 -1.397995416751430797e+00 -1.391576905217167814e+00 -1.379450105885831945e+00 -1.362099720551368076e+00 -1.340988230869099018e+00 -1.318660658345095271e+00 -1.298547294150310893e+00 -1.286855888044814877e+00 -1.282479748744282055e+00 -1.290687583293502749e+00 -1.313154228582623206e+00 -1.350803878387476953e+00 -1.400509332923026040e+00 -1.466776027192456588e+00 -1.545893458906140383e+00 1.505298264170245481e+00 1.405702329690618813e+00 1.370004332351653975e+00 1.330111451990168225e+00 1.300030323490648954e+00 1.193711257919527036e+00 1.097796556139069901e+00 1.037836575270800754e+00 1.048886341215931273e+00 -7.315150507830635584e-01 -8.879582571370682464e-02 -7.985275560978612533e-03 -2.581590130175320319e-04
9.201084095894754844e-01 -1.351491726560642537e+00 -1.355279622837582743e+00 -1.359329213957829463e+00 -1.363632349907490937e+00 -1.399343766780463127e+00 -1.404964334752232702e+00 -1.448902184421471562e+00 -1.460104330591836863e+00 -1.468431664878161458e+00 -1.472692081334534109e+00 -1.471890915186789162e+00 -1.465291498628029210e+00 -1.452617394339638324e+00 -1.434375710150849637e+00 -1.412142290480122631e+00 -1.388677637600970627e+00 -1.367698918116202478e+00 -1.355822553885541959e+00 -1.351889173302715852e+00 -1.361395280890538517e+00 -1.385993622073211196e+00 -1.426534924417619310e+00 -1.479716609394061910e+00 -1.550102056188000565e+00 1.507748368297871844e+00 1.412259112977813480e+00 1.307150348547119201e+00 1.269477058103356537e+00 1.227368519199147689e+00 1.195606081919351471e+00 1.083217149096799892e+00 9.815690592755698107e-01 9.187625512614506773e-01 9.437269485234662802e-01 -4.771248426518930885e-01 -4.872500046041922800e-02 -3.559703571822702469e-03 -8.402514592998740965e-05
9.433857400196811183e-01 -1.417943905983364061e+00 -1.421949233782700217e+00 -1.426229979854826135e+00 -1.430777466136808007e+00 -1.468510566048848665e+00 -1.474453328191718260e+00 -1.521037549518721832e+00 -1.533007442274803012e+00 -1.541979448504106509e+00 -1.546684846120997880e+00 -1.546051318371953975e+00 -1.539271169906419434e+00 -1.526025469287270342e+00 -1.506843139225600758e+00 -1.483422451392991004e+00 -1.458758518504521540e+00 -1.436879795790413805e+00 -1.424833300654894330e+00 -1.421400667782427130e+00 -1.432301001175037669e+00 -1.459146132875604129e+00 -1.502693502853149843e+00 -1.559453793455815029e+00 1.507569115595498443e+00 1.419187460313385385e+00 1.318670561657498741e+00 1.208220235530309772e+00 1.168664069397634231e+00 1.124465410103611118e+00 1.091133583144747066e+00 9.732155251058980383e-01 8.666092373404126192e-01 8.020765190157905788e-01 8.654437362845620596e-01 -2.748785761584724985e-01 -2.461591326101315522e-02 -1.411393144708088764e-03 -2.300103747416674000e-05
9.666630704498867521e-01 -1.484300030323455921e+00 -1.488532228772194488e+00 -1.493054161444622663e+00 -1.497856517126209708e+00 -1.537697218122317855e+00 -1.543976234837586059e+00 1.548261211885611832e+00 1.535480642962964382e+00 1.525823742895296986e+00 1.520640237619713009e+00 1.521086370045215075e+00 1.528048343502887763e+00 1.541893480438503827e+00 1.562072112136571267e+00 -1.554839088491654531e+00 -1.528905775268518230e+00 -1.506087104132472154e+00 -1.493883270965019161e+00 -1.491009086267215844e+00 -1.503398193975980401e+00 -1.532599765053379137e+00 1.562337210480191141e+00 1.501916361885673012e+00 1.423130207335184805e+00 1.330145212951709510e+00 1.224736961804732793e+00 1.109227965176406316e+00 1.067930506698906878e+00 1.021829067359731891e+00 9.870918413893087218e-01 8.644158705942238674e-01 7.539198424311384095e-01 6.890517313197916938e-01 8.911163143524941654e-01 -1.452563178041035574e-01 -1.138413164102503733e-02 -4.919237965016093643e-04 -5.212539285454263513e-06
9.899404008800923860e-01 -1.550576513449588356e+00 -1.555045299357584287e+00 -1.559818608860261913e+00 -1.564886654744309658e+00 1.534669095906939562e+00 1.528039467968873577e+00 1.475784584140419353e+00 1.462148728458642744e+00 1.451765085857295023e+00 1.446069244139188248e+00 1.446307887456834473e+00 1.453454375315326619e+00 1.467931001168260696e+00 1.489168870891925955e+00 1.515194032370115851e+00 1.542475888182805344e+00 1.566280637678461707e+00 -1.562960980975428127e+00 -1.560701890088448174e+00 1.566921073406880804e+00 1.535261133189478766e+00 1.485410567490612399e+00 1.421272533885691303e+00 1.338278344882020798e+00 1.240786800038138793e+00 1.130713185788331243e+00 1.010559955619627637e+00 9.677204317984042792e-01 9.199757751396863137e-01 8.840577658389064952e-01 7.576610467076506650e-01 6.446732168235218552e-01 5.811134643768515184e-01 1.174882392545023357e+00 -7.177729874857219361e-02 -4.778645309317555712e-03 -1.487806234149542032e-04 -9.610600952978411149e-07
1.013217731310297909e+00 1.524803302951441619e+00 1.520087860038613847e+00 1.515052651940606010e+00 1.509707976943559737e+00 1.465383561806110180e+00 1.458388595634610763e+00 1.403101376882673224e+00 1.388564118411352633e+00 1.377410227211643523e+00 1.371166828913090940e+00 1.371177726057053459e+00 1.378513256935951281e+00 1.393658519772196014e+00 1.416026929590392003e+00 1.443489665604928973e+00 1.472209567950953257e+00 1.497053686964427088e+00 1.509545098250663298e+00 1.511134384209125825e+00 1.495496558991912250e+00 1.461286655155411784e+00 1.408174247228439535e+00 1.340293250936278380e+00 1.253147839529277885e+00 1.151318386533226379e+00 1.036910644733630038e+00 9.126805571899950786e-01 8.685647547228215748e-01 8.195193798807691721e-01 7.827143913136529463e-01 6.539330027466615514e-01 5.402057565781540616e-01 4.797897560817719897e-01 -1.393551135924479878e+00 -3.321865765880133159e-02 -1.801888843859122957e-03 -3.850327504862940096e-05 -1.414550917528600402e-07
1.036495061740503543e+00 1.458638578827741394e+00 1.453666038780513370e+00 1.448358023404336503e+00 1.442725362993153126e+00 1.396019787706725968e+00 1.388644249466623792e+00 1.330188071415835172e+00 1.314702040711539510e+00 1.302732754944700977e+00 1.295905490929662118e+00 1.295668634791827145e+00 1.303199947629581468e+00 1.319056980061378059e+00 1.342636840877292848e+00 1.371643597201943843e+00 1.401902823688646604e+00 1.427847808552978659e+00 1.440476773843220704e+00 1.441344472082202177e+00 1.423956918115126591e+00 1.387118794924633303e+00 1.330701680543929122e+00 1.259088990868066915e+00 1.167906490504614592e+00 1.061991913405061494e+00 9.437032962755433907e-01 8.161388718721452884e-01 7.710879698326122966e-01 7.211775371149863334e-01 6.838563187964241674e-01 5.543501173005976890e-01 4.419920874556713120e-01 3.866128584854517936e-01 -6.307596107103052852e-01 -1.429377174011905831e-02 -6.033348049711383240e-04 -8.398404822312107763e-06 -1.628353446102118583e-08
1.059772392170709177e+00 1.392506969293011876e+00 1.387266503066609369e+00 1.381674366386604236e+00 1.375741945416837142e+00 1.326559252986819537e+00 1.318787411049911373e+00 1.257021777920141137e+00 1.240538232060722335e+00 1.227706962076233310e+00 1.220258271884110624e+00 1.219754382194679465e+00 1.227490875657548663e+00 1.244109738315435587e+00 1.268993065385813468e+00 1.299664644150484216e+00 1.331577920488669964e+00 1.358694523828034573e+00 1.371462995202310076e+00 1.371561336996903746e+00 1.352350351215657387e+00 1.312822511430983274e+00 1.253086865691382279e+00 1.177797760003894467e+00 1.082759440239024595e+00 9.731099516149616102e-01 8.515332447951953210e-01 7.215739479716641869e-01 6.760123507783354357e-01 6.257740682633137208e-01 5.883899121782034669e-01 4.601503721441301265e-01 3.515876485777215121e-01 3.029355097940374386e-01 -2.258565234361470386e-01 -5.656864039479331425e-03 -1.771916394796078757e-04 -1.519231521390806699e-06 -1.433794130713750019e-09
1.083049722600914810e+00 1.326393966878462782e+00 1.320874427321218292e+00 1.314986469840941030e+00 1.308742086186452269e+00 1.256984040326403207e+00 1.248799672260507254e+00 1.183580296940325294e+00 1.166048561309925180e+00 1.152307924998737798e+00 1.144199158302060315e+00 1.143409781419496785e+00 1.151364189056244713e+00 1.168802587825950257e+00 1.195094543287434696e+00 1.227567752504112875e+00 1.261265454775855943e+00 1.289634479490167074e+00 1.302550280841614061e+00 1.301836623771960078e+00 1.280738645894488048e+00 1.238480185690380431e+00 1.175446500490307855e+00 1.096588211334370122e+00 9.979531288396006339e-01 8.850303627526193706e-01 7.609154832487716735e-01 6.297168483913048176e-01 5.841575675769797860e-01 5.342345576162244036e-01 4.973246099864537251e-01 3.726524915692387419e-01 2.705269295419606701e-01 2.295626162534206427e-01 -8.224068812273285789e-02 -2.034464742583006087e-03 -4.505573728776783354e-05 -2.240094781608010436e-07 -9.424784347989715560e-11
1.106327053031120444e+00 1.260284890430106053e+00 1.254475283208919878e+00 1.248279650706865640e+00 1.241710771563196536e+00 1.187276746764713620e+00 1.178663270657013040e+00 1.109842214338667477e+00 1.091209729008025375e+00 1.076511428201831766e+00 1.067703203194183326e+00 1.066610307512549483e+00 1.074800003923750413e+00 1.093124098024232715e+00 1.120945296165382965e+00 1.155375186063412274e+00 1.191005412555995457e+00 1.220718650799434979e+00 1.233796490106387589e+00 1.232234160132237744e+00 1.209198690147605948e+00 1.164193499172562207e+00 1.097922633431866357e+00 1.015662887771570988e+00 9.137791544269616706e-01 7.981703665624881872e-01 6.724409175655892135e-01 5.413873331004249723e-01 4.964328148370979465e-01 4.475711697384729404e-01 4.117503336860838248e-01 2.931858166419188394e-01 2.001680660116579580e-01 1.657531189321838905e-01 -3.002922543649832673e-02 -6.567961264578903472e-04 -9.784955602099005452e-06 -2.642965975094509586e-08 -4.505645809653906477e-12
1.129604383461326078e+00 1.194165060634823972e+00 1.188053966583347609e+00 1.181539006898113975e+00 1.174633301576586852e+00 1.117419727301147692e+00 1.108360769046536909e+00 1.035786768680166059e+00 1.015999515897109795e+00 1.000293354760613873e+00 9.907466397309098172e-01 9.893327634854572894e-01 9.977805247897733043e-01 1.017066609935576071e+00 1.046554956321474439e+00 1.083117687852414468e+00 1.120848234035150215e+00 1.152009737865981709e+00 1.165271951985295651e+00 1.162831425061857882e+00 1.137824069559776774e+00 1.090085267278569026e+00 1.020685339077661791e+00 9.352614409930705142e-01 8.305777424972610179e-01 7.130093874025030809e-01 5.867760890145549135e-01 4.574819804425054315e-01 4.138175344168967262e-01 3.668515495179812125e-01 3.327948240910449385e-01 2.229809602059194540e-01 1.414880246359252192e-01 1.046088943798812593e-01 -1.058308697378670775e-02 -1.880045335333849503e-04 -1.789020865911400810e-06 -2.446464962160484521e-09 -1.524656241793230136e-13
1.152881713891531712e+00 1.128020998366099370e+00 1.121596309972322292e+00 1.114749487806027339e+00 1.107494225104074026e+00 1.047395634572539258e+00 1.037874193108717424e+00 9.613930484212447336e-01 9.403967571448028639e-01 9.236306396378863859e-01 9.133067121952745948e-01 9.115559623194593453e-01 9.202897447207832871e-01 9.406266268679327469e-01 9.719388651741495133e-01 1.010835631900212528e+00 1.050855554498175248e+00 1.083583468828742014e+00 1.097060457496720876e+00 1.093721132491072945e+00 1.066726646497821562e+00 1.016300918294375855e+00 9.439353914756116737e-01 8.556635743008987882e-01 7.487404263317969377e-01 6.300907849072554523e-01 5.046576340400953375e-01 3.789497070385756672e-01 3.373258947876068836e-01 2.931461188788064276e-01 2.615547225201894088e-01 1.630202682712943163e-01 9.486000115038201175e-02 -1.882679739305103683e-01 -3.499133161270993279e-03 -4.712959428935125961e-05 -2.711851055024036296e-07 -1.740041715287482754e-10 -3.550862649122018120e-15
1.176159044321737346e+00 1.061840022613453005e+00 1.055089275130376869e+00 1.047897543128773812e+00 1.040279181450020740e+00 9.771886162168430534e-01 9.671868734457423900e-01 8.866409070586610541e-01 8.643809245699928256e-01 8.465020029511054478e-01 8.353608453869777462e-01 8.332606685942732794e-01 8.423135317242022024e-01 8.638051643005619784e-01 8.971195211452690499e-01 9.385801724440508975e-01 9.811018695834233805e-01 1.015529930514669665e+00 1.029259778347995313e+00 1.025012596468459325e+00 9.960379538001785660e-01 9.430114190900529270e-01 8.679067609408642747e-01 7.771913794805691555e-01 6.687114879982868354e-01 5.500199651258947942e-01 4.268788085094730178e-01 3.067502473751846925e-01 2.679493636048025373e-01 2.274491176920226676e-01 1.989968451500487290e-01 1.138628251698969585e-01 5.988050392613187417e-02 -1.271414828195845947e+00 -1.062740769419266533e-03 -1.021790388702011645e-05 -3.352600815590714196e-08 -9.305658892706050125e-12 -5.529712931595221967e-17
1.199436374751942980e+00 9.956090323138040432e-01 9.885201734437235599e-01 9.809704487402776119e-01 9.729751502257910634e-01 9.067836696156286180e-01 8.962835178695169880e-01 8.115121997345783322e-01 7.879310733440486603e-01 7.688875076341468162e-01 7.568880978598250264e-01 7.544292302905738490e-01 7.638417688880417833e-01 7.866076382096437447e-01 8.221286063396741062e-01 8.664141053158286310e-01 9.116772608906971165e-01 9.479546636040099283e-01 9.619841534307981279e-01 9.568329819752076082e-01 9.259099631615111958e-01 8.704155382048296419e-01 7.928685803930902720e-01 7.002106799218379418e-01 5.909890211408436178e-01 4.734571752495403962e-01 3.542650618840921806e-01 2.417918787212207099e-01 2.065745998219895296e-01 1.705729070524510393e-01 1.458332611797761580e-01 7.548252644218864105e-02 3.533479937881724153e-02 -6.553928489035404370e-02 -2.915200983648636997e-04 -1.891462069850192763e-06 -3.321296392057020282e-09 -3.660893229946592073e-13 -5.585606596975976151e-19
1.222713705182148392e+00 9.293140506674886225e-01 9.218747831961289219e-01 9.139546820657131754e-01 9.055692500965695224e-01 8.361652147676984503e-01 8.251491787017739554e-01 7.359898387408976284e-01 7.110284068446811601e-01 6.907675812233223800e-01 6.778703113012114478e-01 6.750445358988934608e-01 6.848680171696083230e-01 7.090437307067757322e-01 7.470075037576503485e-01 7.944127117457372433e-01 8.426887119686882199e-01 8.809791113787917016e-01 8.953658343667030284e-01 8.893281178744771864e-01 8.565175580109412046e-01 7.987413886676950625e-01 7.191262692885446173e-01 6.251318754737359429e-01 5.161214330354363389e-01 4.011032836952987957e-01 2.876357677022560733e-01 1.848474447423843203e-01 1.538793084067078820e-01 1.230236571905681253e-01 1.023866047581378086e-01 4.717969281366442280e-02 1.936190848126201694e-02 -1.123715330853931708e-02 -7.117329702113853749e-05 -2.950093278131932265e-07 -2.587749397968609436e-10 -1.036836957712357744e-14 -3.535233163883690529e-21
1.245991035612354025e+00 8.629437447165773101e-01 8.551405806816264610e-01 8.468362400019984193e-01 8.380468837555432593e-01 7.653173983991474749e-01 7.537674996688430440e-01 6.600562474269082713e-01 6.336564440502189255e-01 6.121227147264248769e-01 5.982908783499464311e-01 5.950925919923151231e-01 6.053888113470695664e-01 6.311310660216548074e-01 6.718076880237542348e-01 7.226683168133984925e-01 7.742613761246517345e-01 8.147433157554955230e-01 8.295557622330637093e-01 8.226625060424180846e-01 7.880610038929166672e-01 7.282472613458045307e-01 6.470216226407705662e-01 5.524104083954869404e-01 4.446989236274268564e-01 3.336765032124614505e-01 2.277501108227210080e-01 1.364535826020523146e-01 1.102181371950702315e-01 8.488057081774624812e-02 6.847837020084034110e-02 2.762632966518193539e-02 9.794179972844142129e-03 -2.461945609858871408e-03 -1.525781411005321187e-05 -3.822722518268758733e-08 -1.555938669380597839e-11 -2.068529238090125542e-16 -1.341905538563367915e-23
1.269268366042559659e+00 7.964874227313925026e-01 7.883069763934829055e-01 7.796041723526085931e-01 7.703959982794988948e-01 6.942275666497251807e-01 6.821245787083962675e-01 5.836945244579883063e-01 5.557991550499639111e-01 5.329373412603995996e-01 5.181331735677242589e-01 5.145634803260907830e-01 5.254027271847389047e-01 5.528951438886291481e-01 5.965910898532831297e-01 6.512918182945437451e-01 7.065393271382206519e-01 7.494088120349164939e-01 7.647236849943288561e-01 7.570221702745137948e-01 7.207659627488010035e-01 6.592214242431624349e-01 5.769343993621821598e-01 4.825411313864100271e-01 3.773391836113546005e-01 2.718784124164216887e-01 1.752372603931107720e-01 9.680708123890738315e-02 7.552293842774113197e-02 5.571830881920619705e-02 4.338415845260473747e-02 1.506461537206481641e-02 4.550239462091720116e-03 -5.546570821719583235e-04 -2.835064115222446656e-06 -4.050780953982721454e-09 -7.094644891282117898e-13 -2.832998561097716824e-18 -2.878621704071530566e-26
1.292545696472765293e+00 7.299319440414711035e-01 7.213619547742584626e-01 7.122475349174842707e-01 7.026061519057347216e-01 6.228834516252664821e-01 6.102086365059087303e-01 5.068917345177922362e-01 4.774396338663419725e-01 4.531977819116654316e-01 4.373828062532530425e-01 4.334490768129053428e-01 4.449147587377678126e-01 4.743683430153893266e-01 5.214357048782490844e-01 5.804135366205581681e-01 6.396899624933303219e-01 6.851583827083246314e-01 7.010578592423521993e-01 6.926162737072937281e-01 6.548829240530044116e-01 5.919822985236045110e-01 5.092801501840906742e-01 4.160490317221375856e-01 3.146662092936096666e-01 2.163479582224253073e-01 1.305137199201719667e-01 6.568309616594815437e-02 4.925133499878665139e-02 3.461148713700715890e-02 2.589415890642132734e-02 7.608005539468795306e-03 1.932555216394232474e-03 -1.191846183280123432e-04 -4.509330328891407705e-07 -3.444162118954004741e-10 -2.418349386748757400e-14 -2.563936663411895275e-20 -3.201116091423031052e-29
1.315823026902970927e+00 6.632664129630784222e-01 6.542926833180752189e-01 6.447527218474554678e-01 6.346646070490112868e-01 5.512704885828274559e-01 5.380063446315810349e-01 4.296352951149510213e-01 3.985654897615504844e-01 3.728896843457994437e-01 3.560303862586616241e-01 3.517418452748161117e-01 3.639361365536659121e-01 3.955901697002091599e-01 4.464366850897994454e-01 5.101847237846225402e-01 5.739078032765203563e-01 6.221956708583602502e-01 6.387692207768299602e-01 6.296752303065803469e-01 5.906859635772314654e-01 5.268800612384643145e-01 4.445028382450012527e-01 3.534757360458732900e-01 2.572810327334843494e-01 1.676011414020724677e-01 9.370128369547485458e-02 4.241246270294594944e-02 3.041541963569567922e-02 2.024217079220753598e-02 1.448566147002226627e-02 3.540184295397205867e-03 7.470093268278790808e-04 -2.350973985127388494e-05 -6.066575320231436150e-08 -2.305050402372015760e-11 -6.080653603420127019e-16 -1.444282760656790701e-22 -1.046814810823304555e-32
1.339100357333176561e+00 5.964825110431319910e-01 5.870908149523950126e-01 5.771101790054752323e-01 5.665595891361027148e-01 4.793777846446995450e-01 4.655045354271848956e-01 3.519110922894903015e-01 3.191666681974699160e-01 2.920010534954735060e-01 2.740672713638472313e-01 2.694404845286709205e-01 2.824813829166981649e-01 3.166138103922902514e-01 3.717058406881314503e-01 4.407851136630276390e-01 5.094138537860075644e-01 5.607467858001057293e-01 5.780900731251900071e-01 5.684486333435416761e-01 5.284749986131955790e-01 4.642903722466614758e-01 3.830655148099849083e-01 2.953612861687941460e-01 2.057200968397890628e-01 1.259634141988265621e-01 6.457003474447241265e-02 2.593992990198856763e-02 1.770263899678913011e-02 1.109326375453878466e-02 7.559367562294726402e-03 1.510312688226100007e-03 2.616658369509550024e-04 -4.149412805301829392e-06 -6.818407554473397174e-09 -1.197304629537738964e-12 -1.101515198451284243e-17 -4.654487121075264322e-25 1.438996283007015428e-32
1.362377687763382195e+00 5.295685243475469761e-01 5.197463121218436344e-01 5.093113961202677675e-01 4.982833648067508392e-01 4.071966337020873072e-01 3.926950867897564534e-01 2.737103465398911251e-01 2.392315261413847927e-01 2.105254976905106545e-01 1.914849451417213744e-01 1.865483325733824638e-01 2.005700109855613200e-01 2.375045329311508968e-01 2.973750639350312142e-01 3.724255247702747962e-01 4.464566988002691694e-01 5.010642830283499327e-01 5.192705832688372380e-01 5.092054400529898439e-01 4.685723401202505078e-01 4.046069079443394556e-01 3.254387140142023793e-01 2.422165621512036293e-01 1.604040779191378829e-01 9.150875064195779229e-02 4.252598138329632266e-02 1.496082145347442036e-02 9.667630901926333939e-03 5.671880455451180046e-03 3.663811245148299554e-03 5.878112979915691783e-04 8.272334562865782902e-05 -6.428332122843961804e-07 -6.298987355036820791e-10 -4.801858945951840836e-14 -1.365802466926506016e-19 -7.922014585436952345e-28 4.572284987606303690e-33
1.385655018193587829e+00 4.625147803968014948e-01 4.522473008154260232e-01 4.413439537824709324e-01 4.298248800254712010e-01 3.347149774718581883e-01 3.195679050680572120e-01 1.950262996439921515e-01 1.587521518111910668e-01 1.284560255274397877e-01 1.082823610887417576e-01 1.030695000188972255e-01 1.182329084010831921e-01 1.583383819698721828e-01 2.236050926597916988e-01 3.053483230385533043e-01 3.853190555164678344e-01 4.434224230357756702e-01 4.625767750572609138e-01 4.522339582480623399e-01 4.113148651675173628e-01 3.482335241104357881e-01 2.720826933214782195e-01 1.944856592098895276e-01 1.215864203949369726e-01 6.401760525688872383e-02 2.665828752361135839e-02 8.103615741460176020e-03 4.933422653505070178e-03 2.694108214458724830e-03 1.642180600683493859e-03 2.076110116033906810e-04 2.349880625287671852e-05 -8.617118590478597688e-08 -4.664339193417821425e-11 -1.481753958852242630e-15 -1.062399434119211859e-21 6.821606912852901776e-30 8.804733234614215200e-34
1.408932348623793462e+00 3.953153512787499491e-01 3.845880961445213853e-01 3.732006624915472082e-01 3.611742381909853750e-01 2.619247836458962198e-01 2.461124145651854833e-01 1.158498298596237763e-01 7.772583935990966253e-02 4.578749882157068934e-02 2.446289824281943845e-02 1.901938267119894152e-02 3.551006383342814737e-02 7.921006435519033217e-02 1.505845034214959299e-01 2.398343695935301334e-01 3.263180750676193398e-01 3.881141161705908282e-01 4.082917791618735914e-01 3.978328741860139295e-01 3.570477779275451624e-01 2.955734513211850656e-01 2.234194263946331360e-01 1.525068527544570784e-01 8.930677812976174634e-02 4.296709226536801762e-02 1.584439164143031792e-02 4.106196096502949186e-03 2.343271544087409310e-03 1.183863834736546003e-03 6.776176185376207948e-04 6.612811259614490619e-05 5.941783065062352100e-06 -9.884580680948952695e-09 -2.725201864511590163e-12 -3.422028698949858330e-17 -4.882915511273278974e-24 1.475809181854271253e-30 1.269969416074664890e-34
1.432209679053998874e+00 3.279592761955374414e-01 3.167596896177674592e-01 3.048749260529417526e-01 2.923265074191299662e-01 1.888210647021233979e-01 1.723248043572405963e-01 3.617835973899073687e-02 -3.863179128435836190e-03 -3.748215552758629027e-02 -5.998339855681930621e-02 -6.560837732291475988e-02 -4.757981892460081547e-02 2.444771070408070530e-03 7.853554785065970656e-02 1.762114027634062718e-01 2.698023443137402833e-01 3.354516561923884810e-01 3.567067482593272998e-01 3.463048108198475417e-01 3.061179783934528387e-01 2.470079262690571820e-01 1.798042090888921085e-01 1.164724431292665091e-01 6.335433882701430042e-02 2.756647353919344789e-02 8.895657273282706751e-03 1.938965562197234038e-03 1.031799966728924687e-03 4.792558563362340649e-04 2.562053190549554334e-04 1.887043486437270555e-05 1.284675755766232350e-06 -9.569244384582244348e-10 -1.266097476266819620e-13 -5.474960413968510216e-19 -1.572589374285573920e-26 1.918146472958941458e-31 1.447346673687270323e-35
1.455487009484204508e+00 2.604404634802089946e-01 2.487530400589040014e-01 2.363559274041674985e-01 2.232715611609687456e-01 1.153944601267898051e-01 9.819780628053340066e-02 -4.399036360655804445e-02 -8.598479749395282479e-02 -1.213439225446764635e-01 -1.450322249046415157e-01 -1.507655216716957680e-01 -1.309433135039619334e-01 -7.848649022208725734e-02 7.807181125281368456e-03 1.148540554160461524e-01 2.161546238073450699e-01 2.857594007136541325e-01 3.081124068451381870e-01 2.979512730803421383e-01 2.588571277492448530e-01 2.028754050880648141e-01 1.414946221557552286e-01 8.638574710525620537e-02 4.326238555802099789e-02 1.684691313215851832e-02 4.701552106264981525e-03 8.500368247455909179e-04 4.193851979353950543e-04 1.779193478423910554e-04 8.834995068497374115e-05 4.796997361640516193e-06 1.570262118817821997e-07 -7.601378495462733244e-11 -4.702147120058811771e-15 -5.489162224100524185e-21 8.402552237635665010e-29 1.758415957462948930e-32 1.279885785560142233e-36
1.478764339914410142e+00 1.927542650468595797e-01 1.805653612703998767e-01 1.676407534282328693e-01 1.540040728121891966e-01 4.164272165632024875e-02 2.372663954346281717e-02 -1.246558377086011971e-01 -1.686625888564079745e-01 -2.057979484076876975e-01 -2.306783712343809523e-01 -2.364386012318600849e-01 -2.145357408535661925e-01 -1.567463854758753827e-01 -6.159097379625601970e-02 5.619508675030666228e-02 1.657886536106020214e-01 2.393626189374997992e-01 2.627931492845024253e-01 2.530581958183630298e-01 2.155653717679072157e-01 1.634488757094791633e-01 1.086116176264201594e-01 6.203853610454081180e-02 2.834542371879324521e-02 9.775901403896074607e-03 2.331523769002504312e-03 3.446005656213707862e-04 1.566915775916919037e-04 6.023951753928188750e-05 2.764191142974740096e-05 1.080035482556382483e-06 -7.545987509661741259e-07 -4.841102202016211645e-12 -1.334938941119260206e-16 -4.023559611282481778e-23 1.326733646613211179e-29 9.763897882443095545e-34 7.789264690260261436e-38
1.502041670344615776e+00 1.248912143995521695e-01 1.121876744466740461e-01 9.872293575010776534e-02 8.452078344017736888e-02 -3.243805140661212838e-02 -5.109046667598730884e-02 -2.058136125851745546e-01 -2.518841996894545798e-01 -2.908308253804043342e-01 -3.169067393422329570e-01 -3.225926165976456539e-01 -2.982772480993363118e-01 -2.343816606774467848e-01 -1.289602079646573474e-01 2.039853723070932882e-03 1.191390098106441253e-01 1.965797149167044233e-01 2.210122791517719065e-01 2.118815144916787185e-01 1.764949692841739359e-01 1.289037750140156757e-01 8.111405455822488786e-02 4.301449056268879384e-02 1.776576138102363075e-02 5.369954376293003401e-03 1.081124772657760403e-03 1.285799776707189084e-04 5.357326215028715194e-05 1.850904460392047691e-05 7.789651086160213691e-06 2.130852010077317629e-07 -4.521886208330733659e-08 -2.531864693945156525e-13 -2.587243775910683215e-18 -2.540472210777276549e-25 6.818924675640066824e-31 1.135703561089181828e-35 1.898911399451647524e-39
1.525319000774821410e+00 5.685078098057858020e-02 4.361735480194946224e-02 2.959680511735765518e-02 1.481451519694836766e-02 -1.068494718738410287e-01 -1.262543663311291309e-01 -2.874574117874499346e-01 -3.356378798517545281e-01 -3.764305193075219158e-01 -4.036933629665396261e-01 -4.091890325510233462e-01 -3.820735883734370231e-01 -3.111692777060411919e-01 -1.939958225923943402e-01 -5.108121317459609484e-02 7.665464485732405298e-02 1.577040508159548160e-01 1.829967676823929801e-01 1.746343354352851429e-01 1.418245023800954741e-01 9.929517434602797010e-02 5.878742498590466825e-02 2.871295910916128735e-02 1.062033350254846728e-02 2.783728876411043635e-03 4.671013253248041362e-04 4.396587306512488518e-05 1.665848656481533338e-05 5.138054580580988341e-06 1.966248555587037422e-06 3.637813023442858890e-08 -1.139008265085487466e-09 -1.092576558122806636e-14 -3.498792346217576580e-20 -6.237754271783689622e-28 1.198760404552555889e-33 3.888665719543060282e-36 4.815323994902561578e-41
1.548596331205027044e+00 -1.137575312647570204e-02 -2.515002747415930745e-02 -3.973936233253112099e-02 -5.511738321848633909e-02 -1.815889453267902354e-01 -2.017632033934261826e-01 -3.695789600678803799e-01 -4.199098583505883608e-01 -4.625772433260911254e-01 -4.910126175043364460e-01 -4.961781485383062185e-01 -4.658174598270768962e-01 -3.868417819776758249e-01 -2.561860055224370880e-01 -9.848236355280406973e-02 3.877777423550269470e-02 1.229851296792738996e-01 1.489240659898738162e-01 1.414651368162947453e-01 1.116407495949140183e-01 7.454217542063786006e-02 4.124045692078057851e-02 1.840089581732748392e-02 6.038468915478632099e-03 1.357850244669170413e-03 1.873890029991069216e-04 1.372016707603711523e-05 4.686101875870837153e-06 1.279081539670462167e-06 4.430203567853848572e-07 5.384862943971361350e-09 -4.739325796385963005e-11 -3.587276091280391063e-16 -4.229478473993786304e-22 7.463568591822707957e-30 8.747977542063337903e-33 2.569077133627201988e-36 9.464898060966120886e-41
1.571873661635232677e+00 -7.978448475526528361e-02 -9.411651152330466341e-02 -1.092887456513927658e-01 -1.252745812696091920e-01 -2.566566837791363076e-01 -2.776135077326141176e-01 -4.521621995996755738e-01 -5.046834262741478616e-01 -5.492472632678444544e-01 -5.788302157032532147e-01 -5.835052408226932830e-01 -5.493778821635769694e-01 -4.610859545724212416e-01 -3.149224223903691611e-01 -1.408751151237561672e-01 5.965256010273733631e-03 9.261016700126481482e-02 1.188999506864314715e-01 1.124440567004802577e-01 8.592398730353575931e-02 5.441161680065584316e-02 2.793193587290654714e-02 1.129203730565222011e-02 3.257062458613407905e-03 6.213239387319055909e-04 6.949795104610076121e-05 3.881159727419242685e-06 1.188606989413209337e-06 2.828137601482382932e-07 8.828504746076445418e-08 6.887502133171003727e-10 -2.073560165889293391e-12 -8.109920910415717651e-18 -3.825778857811216545e-24 1.896975435316443270e-30 3.360506167065624506e-33 4.785560102609395931e-37 2.426251913930914401e-41
1.595150992065438089e+00 -1.483802011858059433e-01 -1.632813989220379958e-01 -1.790502798756544445e-01 -1.956589235836443397e-01 -3.320467877986044147e-01 -3.538016472539080026e-01 -5.351920850878367775e-01 -5.899341601837387872e-01 -6.364117561937082668e-01 -6.671074280627498077e-01 -6.711018140619240402e-01 -6.326079039803289561e-01 -5.335189111346581026e-01 -3.694918697291861287e-01 -1.775425000607834536e-01 -2.163047965782392487e-02 6.667415373078655616e-02 9.294722820146553155e-02 8.755054141021811898e-02 6.452945373770681281e-02 3.853039648019155466e-02 1.822170199034350499e-02 6.619717038820803132e-03 1.662115243673394213e-03 2.657808572233685352e-04 2.372022955264945824e-05 9.886471180849758042e-07 2.696467521775914220e-07 5.553606821932008735e-08 1.532055527768928207e-08 7.338715963358861859e-11 -8.362884598246009944e-14 -1.577085653601743377e-19 -1.759595360030716314e-26 1.466117308976705284e-30 4.436302408206079270e-34 4.320860699848694934e-38 3.087192470044586597e-42
1.618428322495643723e+00 -2.171655266056384537e-01 -2.326482939509784686e-01 -2.490251105342276283e-01 -2.662676726566719498e-01 -4.077516896627018106e-01 -4.303163655403778876e-01 -6.186450623264027060e-01 -6.756360214880590132e-01 -7.240348928468417489e-01 -7.557969262610387817e-01 -7.588931086966640427e-01 -7.153291009229959529e-01 -6.036838484109963154e-01 -4.190534487280298537e-01 -2.077488213411418927e-01 -4.353883496828535316e-02 4.516558101828194172e-02 7.099398493374191321e-02 6.665780122007905484e-02 4.719422661929649487e-02 2.641236184528310965e-02 1.142332925403752135e-02 3.697893735667085249e-03 8.002629993951157527e-04 1.059575515484150420e-04 7.427884992133623942e-06 2.265496171793055069e-07 5.405761601848407547e-08 9.633357255483411576e-09 2.331122283695169997e-09 6.477458271196510817e-12 -2.624240388409780019e-15 -2.599056572848614463e-21 1.307064681839307352e-28 2.283917607025490673e-31 2.067531230363512142e-35 1.176769647845502228e-39 2.020529348781473138e-43
1.641705652925849357e+00 -2.861349120005960422e-01 -3.022123171689634069e-01 -3.192110031575723372e-01 -3.371011950888707642e-01 -4.837639667372666819e-01 -5.071500284777789025e-01 -7.024963248763814727e-01 -7.617538301830319991e-01 -8.120767672155724259e-01 -8.448434549287970885e-01 -8.467915678363219234e-01 -7.973327930895967031e-01 -6.710288876114078871e-01 -4.626108893472611894e-01 -2.308014844576975477e-01 -5.977410766446327600e-02 2.794820774847256092e-02 5.286222186251292310e-02 4.954046076103626323e-02 3.354898210607267645e-02 1.748886541431305189e-02 6.866205473683803344e-03 1.963819786960981518e-03 3.625475378608881624e-04 3.921686514786123389e-05 2.121133568758045480e-06 4.629344357529259037e-08 9.623682579009410600e-09 1.438000190220580135e-09 3.096956755496305415e-10 4.969815447291931763e-13 -6.723056798589036350e-17 -2.483560801886055510e-23 6.542506105460844962e-29 9.995354971051920807e-33 1.221449185787678755e-37 7.615559862676278369e-41 2.136431543441557854e-45
1.664982983356054991e+00 -3.552899316563978283e-01 -3.719722856447127413e-01 -3.896028037938085165e-01 -4.081512612604015766e-01 -5.600688138034156660e-01 -5.842861717383222020e-01 -7.867127312287096608e-01 -8.482512186112399766e-01 -9.004854001080407899e-01 -9.341880345983160083e-01 -9.346914842028045678e-01 -8.783809756820366577e-01 -7.348631706793443685e-01 -4.990284526050657865e-01 -2.460993635709510519e-01 -7.044025115558852357e-02 1.474955137393134212e-02 3.828057121413069169e-02 3.587990496435185944e-02 2.313534894429479516e-02 1.116274969208537124e-02 3.948875418506522968e-03 9.890964500019153605e-04 1.540201003264076015e-04 1.340961305170883224e-05 5.482664333582046249e-07 8.298372714651480222e-09 1.509257697040221528e-09 1.866675590452431410e-10 3.433046614578875103e-11 3.098466658700042116e-14 -1.624622724152015517e-18 -1.402224186363741305e-25 5.667859316447202012e-30 2.557405777986618817e-34 7.687005617494634224e-37 9.597309396860106342e-41 1.204258332286227398e-45
1.688260313786260625e+00 -4.246231969599361111e-01 -4.419229694951221088e-01 -4.601976387461192419e-01 -4.794153610890222184e-01 -6.366536511461396985e-01 -6.617099789713385416e-01 -8.712595950848227577e-01 -9.350782593489704864e-01 -9.892104461964269513e-01 -1.023751463774730919e+00 -1.022486997687307664e+00 -9.581713970094584143e-01 -7.943592762232991600e-01 -5.269980036084560560e-01 -2.532456646468261852e-01 -7.587781297242569833e-02 5.179134579738021646e-03 2.689067261687275168e-02 2.527962117689648916e-02 1.544887482558657786e-02 6.855361788178748750e-03 2.168273699812216498e-03 4.712169181984147579e-04 6.118870946393929527e-05 4.227622338369806443e-06 1.284540175735972673e-07 1.321976032134823619e-09 2.015691847396499134e-10 2.126063326632225249e-11 3.265693117458170444e-12 1.436805531368469343e-15 -2.702901000576542102e-20 5.301799755504947963e-28 2.081176733342408870e-33 5.801612862237136600e-34 1.761682917919314473e-37 1.796292478905875731e-41 6.712986990316306743e-46
1.711537644216466258e+00 -4.941313903300569854e-01 -5.120573728801101065e-01 -5.309851487767548450e-01 -5.508819160796297743e-01 -7.134979678115968005e-01 -7.393995020652340822e-01 -9.560915852097748857e-01 -1.022187488960398571e+00 -1.078179841297508545e+00 -1.113462886437201371e+00 -1.110034543798336104e+00 -1.036371790507995438e+00 -8.484583324486294487e-01 -5.451002071785921999e-01 -2.521666566985645841e-01 -7.665429154672998013e-02 -1.266932023895849186e-03 1.827079627789504612e-02 1.730001618345620301e-02 9.972238664394368970e-03 4.042542901743174585e-03 1.134198833254082160e-03 2.118376299366794911e-04 2.265591188580819905e-05 1.221586430360192491e-06 2.698520499604630061e-08 1.846153726894013210e-10 2.366670879443643566e-11 1.983744382427089413e-12 2.719642083871552457e-13 6.138104818064047438e-17 -2.798137921671235946e-22 7.896798483579330028e-29 1.394649386614089361e-31 1.013097802306610061e-34 1.146210570489728823e-38 1.130293726004584528e-42 1.018494580057276734e-46
1.734814974646671892e+00 -5.638054996391660412e-01 -5.823683950005213994e-01 -6.019590363385303178e-01 -6.225432420950538503e-01 -7.905820164718456722e-01 -8.173325095079123637e-01 -1.041161730171396016e+00 -1.109513159007000871e+00 -1.167329193607845816e+00 -1.203219221705559283e+00 -1.197199221091527654e+00 -1.112551190903810605e+00 -8.958499505870247681e-01 -5.518845935275757952e-01 -2.432113976988796444e-01 -7.355681813773862210e-02 -5.138699781073864485e-03 1.197018291073149131e-02 1.148123431544705031e-02 6.211182240094477273e-03 2.284790245042131636e-03 5.639604213160130707e-04 8.956087100876046773e-05 7.778328720211109964e-06 3.212141913285664740e-07 5.018626921643462292e-09 2.169514452906773273e-11 2.416558045199878619e-12 1.578265684361822294e-13 1.753883641569726379e-14 2.073143562812413362e-18 -3.596334473687173098e-24 5.528736846054029278e-30 3.544872417986229442e-32 3.135300542346188132e-36 1.353294137906796247e-41 3.081995685516013775e-47 5.595597388596526572e-48
1.758092305076877526e+00 -6.336370850282655454e-01 -6.528441723058280299e-01 -6.731050984534011628e-01 -6.943844322403222025e-01 -8.678783605807681711e-01 -8.954787737501306299e-01 -1.126412784431171543e+00 -1.196991127188161474e+00 -1.256568207268518034e+00 -1.292927990131771621e+00 -1.283801900094859505e+00 -1.186206114944567069e+00 -9.348712315230237602e-01 -5.460279401653527209e-01 -2.272618545910320420e-01 -6.751813948229778983e-02 -7.030233984976049823e-03 7.532352004272628229e-03 7.377780619321555426e-03 3.727070561353515183e-03 1.235267281368116702e-03 2.658864599428906400e-04 3.552425622111720651e-05 2.474053182375790777e-06 7.712818351942202023e-08 8.404760391819511679e-10 2.276160447852854532e-12 1.970457665057807022e-13 1.114480041104756537e-14 9.666115579424547842e-16 4.325824692682149186e-20 -2.595737310599720961e-26 7.088121013926257540e-30 1.376080983028401177e-33 5.148323299429103706e-37 3.657336642846455576e-40 2.814131279546169836e-44 3.012065498087513374e-51
1.781369635507083160e+00 -7.036140353032117600e-01 -7.234734919478713611e-01 -7.444118530190797500e-01 -7.663922607184610047e-01 -9.453601587568366549e-01 -9.738092397278309553e-01 -1.211779893765180693e+00 -1.284541848419702648e+00 -1.345809044728970338e+00 -1.382467789117220125e+00 -1.369657260678913691e+00 -1.256704222907916391e+00 -9.633974827317046685e-01 -5.266728588685524182e-01 -2.057056829312277901e-01 -5.953484314115770060e-02 -7.502774264816120670e-03 4.531110535495173029e-03 4.584262343917027208e-03 2.150764254087228142e-03 6.375406300682212547e-04 1.186072433393849627e-04 1.317773104909332729e-05 7.239665991472354373e-07 1.664165012174958298e-08 1.224792488573353578e-10 2.024912967097859651e-13 1.448834361273951198e-14 5.807581095345279285e-16 4.761527549216981752e-17 1.013545953418023816e-21 2.258319250755801293e-28 7.295675883344101790e-31 1.851032559094832320e-34 4.053641440835896045e-37 8.208525640218815322e-41 7.443340436037411539e-45 1.493161438624208729e-49
1.804646965937288572e+00 -7.737234673353392544e-01 -7.942405124011181483e-01 -8.158610474016813052e-01 -8.385468878984766450e-01 -1.022990114030923658e+00 -1.052282854270530033e+00 -1.297195469513281463e+00 -1.372076563876654332e+00 -1.434947069439548528e+00 -1.471712141144013941e+00 -1.454550315910927871e+00 -1.323236739677137619e+00 -9.787824054325955370e-01 -4.937916869300942868e-01 -1.803433704214637556e-01 -5.056870681250547062e-02 -7.054107987341220500e-03 2.589189736292765893e-03 2.749885902477713744e-03 1.191575327240015740e-03 3.134729176681257568e-04 4.988887020060406714e-05 4.548981567383500659e-06 1.939966137298572009e-07 3.222770239567726436e-09 1.551145481364244715e-11 1.435863558534260244e-14 8.893549070297454692e-16 2.701537585965154510e-17 1.541447479343452304e-18 1.614214735915036695e-23 1.657610774196331337e-28 2.376423528824949595e-33 1.579532691913262135e-34 4.052020730903619070e-38 3.453837388360473900e-42 4.856203748482985510e-46 3.890835696819319339e-50
