6.637700740512528337e-06 -2.637937822201319449e-02
9.119031222732771832e-06 -2.637937822201319449e-02
1.252794210780208886e-05 -2.637937822201318755e-02
1.721118492826576677e-05 -2.637937822201319102e-02
2.364513544406679133e-05 -2.637937822201319796e-02
3.248424970757733150e-05 -2.637937822201319449e-02
4.462763529543770097e-05 -2.637937822201319102e-02
6.131050735481363234e-05 -2.637937822201318408e-02
8.422983390622159174e-05 -2.637937822201320143e-02
1.157169497292002871e-04 -2.637937822201319449e-02
1.589746999567201750e-04 -2.637937822201319102e-02
2.184032252245336737e-04 -2.637937822201319449e-02
3.000475486291132856e-04 -2.637937822201319102e-02
4.122124618439306832e-04 -2.637937822201318755e-02
5.663072888312044480e-04 -2.637937822201318755e-02
7.780064288735957399e-04 -2.637937822201319449e-02
1.068843748222560609e-03 -2.637937822201318755e-02
1.468402969303147891e-03 -2.637937822201320490e-02
2.017326939783745457e-03 -2.637937822201320143e-02
2.771451764646479243e-03 -2.637937822201318755e-02
3.807486377659520093e-03 -2.637937822201320143e-02
5.230815386934464274e-03 -2.637937822201319102e-02
7.186218653632944070e-03 -2.637937822201319449e-02
9.872598183364309637e-03 -2.637937822201318061e-02
1.356321027347586437e-02 -2.637937822201319449e-02
1.863346110262037100e-02 -2.637937822201320490e-02
2.559909219115893281e-02 -2.637937822201322571e-02
3.516864209025244437e-02 -2.637937822201315285e-02
4.831551729392451200e-02 -2.637937822201315632e-02
6.637700740512528230e-02 -2.637937822201316673e-02
8.031617896020157299e-02 -2.637937822201321877e-02
1.002561889336962553e-01 -2.637937822201319796e-02
1.224048622862425051e-01 -2.637937822201320143e-02
1.467621982744179709e-01 -2.637937822201309387e-02
1.733281978540514301e-01 -2.637937822201321877e-02
2.021028610251429103e-01 -2.637937822201321877e-02
2.330861867256604214e-01 -2.637937822201319796e-02
2.662781760176358148e-01 -2.637937822201321184e-02
3.016788278390373224e-01 -2.637937822201319449e-02
3.392881432518968787e-01 -2.637937822201317367e-02
3.791061222562143174e-01 -2.637937822201318755e-02
4.211327648519899158e-01 -2.637937822201320143e-02
4.653680699771913787e-01 -2.637937822201319102e-02
5.118120376318188169e-01 -2.637937822201320837e-02
5.604646699399364884e-01 -2.637937822201318755e-02
6.113259647774800243e-01 -2.637937822201314939e-02
6.643959221444494245e-01 -2.637937822201315979e-02
7.196745431028770401e-01 -2.637937822201313898e-02
7.771618276527624269e-01 -2.637937822201319796e-02
8.368577757941060291e-01 -2.637937822201319102e-02
8.987623864648756067e-01 -2.637937822201320143e-02
9.628756607271032886e-01 -2.637937822201312510e-02
1.029197597518756613e+00 -2.637937822201318755e-02
1.097728196839836246e+00 -2.637937822201322918e-02
1.168467458690341632e+00 -2.637937822201317714e-02
1.241415386256369491e+00 -2.637937822201308347e-02
1.316571979537918935e+00 -2.637937822201328469e-02
1.393937227914670229e+00 -2.637937822201322224e-02
1.473511152627264620e+00 -2.637937822201326388e-02
1.555293732435059972e+00 -2.637937822201306612e-02
1.639284967338056953e+00 -2.637937822201318755e-02
1.725484878576897252e+00 -2.637937822201324306e-02
1.813893444910938957e+00 -2.637937822201314245e-02
1.904510676960502247e+00 -2.637937822201314939e-02
1.997336574725588010e+00 -2.637937822201326735e-02
2.092371138206196246e+00 -2.637937822201326735e-02
2.189614356782005000e+00 -2.637937822201311816e-02
2.289066241073336894e+00 -2.637937822201312857e-02
2.390726791080190594e+00 -2.637937822201314939e-02
2.494595996182245479e+00 -2.637937822201327082e-02
2.600673877620143237e+00 -2.637937822201328122e-02
2.708960414153243956e+00 -2.637937822201327082e-02
2.819455616401865150e+00 -2.637937822201310775e-02
2.932159484366009927e+00 -2.637937822201313551e-02
3.047072007425354112e+00 -2.637937822201319449e-02
3.164193196200222769e+00 -2.637937822201325694e-02
3.283523050690611900e+00 -2.637937822201324653e-02
3.405061570896523726e+00 -2.637937822201313898e-02
3.528808746197636736e+00 -2.637937822201313898e-02
3.654764597834593065e+00 -2.637937822201315285e-02
3.782929104566751466e+00 -2.637937822201313204e-02
3.913302266394108830e+00 -2.637937822201317020e-02
4.045884104557313066e+00 -2.637937822201327082e-02
4.180674597815714932e+00 -2.637937822201319102e-02
4.317673756789639938e+00 -2.637937822201319796e-02
4.456881581479089860e+00 -2.637937822201319449e-02
4.598298071884059368e+00 -2.637937822201320490e-02
4.741923217384230504e+00 -2.637937822201315979e-02
4.887757028599923892e+00 -2.637937822201314592e-02
5.035799505531140419e+00 -2.637937822201317020e-02
5.186050648177876532e+00 -2.637937822201319449e-02
5.338510445919816938e+00 -2.637937822201323959e-02
5.493178909377280483e+00 -2.637937822201319102e-02
5.650056038550262727e+00 -2.637937822201318755e-02
5.809141833438768998e+00 -2.637937822201319449e-02
5.970436283422477786e+00 -2.637937822201319102e-02
6.133939409742028559e+00 -2.637937822201319796e-02
6.299651191156780072e+00 -2.637937822201320837e-02
6.467571627666731438e+00 -2.637937822201322918e-02
6.637700740512529229e+00 -2.637937822201317714e-02
