0.00185978  1.22656e-11  9.97331e-11
0.00561729  2.99298e-09  8.30045e-09
0.0093748  3.65501e-08  6.43936e-08
0.0131323  1.81316e-07  2.47947e-07
0.0168898  5.75022e-07  6.78414e-07
0.0206473  1.39503e-06  1.51513e-06
0.0244048  2.83963e-06  2.95732e-06
0.0281624  5.1252e-06  5.2441e-06
0.0319199  8.49998e-06  8.65444e-06
0.0356774  1.32605e-05  1.35072e-05
0.0394349  1.97568e-05  2.01612e-05
0.0431924  2.83832e-05  2.90151e-05
0.0469499  3.95641e-05  4.05073e-05
0.0507074  5.37477e-05  5.51164e-05
0.0544649  7.1413e-05  7.33606e-05
0.0582224  9.30741e-05  9.5798e-05
0.0619799  0.000119289  0.000123027
0.0657375  0.000150651  0.000155685
0.069495  0.000187784  0.00019445
0.0732525  0.000231344  0.00024004
0.07701  0.000282009  0.000293213
0.0807675  0.000340499  0.000354766
0.084525  0.000407562  0.000425536
0.0882825  0.000483987  0.0005064
0.09204  0.000570581  0.000598277
0.0957975  0.000668188  0.000702122
0.099555  0.000777674  0.000818933
0.103313  0.000899939  0.000949746
0.10707  0.00103592  0.00109564
0.110828  0.00118656  0.00125773
0.114585  0.00135286  0.00143717
0.118343  0.00153582  0.00163516
0.1221  0.00173649  0.00185293
0.125858  0.00195592  0.00209177
0.129615  0.00219522  0.00235298
0.133373  0.0024555  0.00263792
0.13713  0.00273789  0.002948
0.140888  0.00304357  0.00328463
0.144645  0.00337373  0.00364931
0.148403  0.00372958  0.00404354
0.15216  0.00411235  0.00446889
0.155918  0.00452332  0.00492693
0.159675  0.00496375  0.00541932
0.163433  0.00543495  0.00594773
0.16719  0.00593826  0.00651386
0.170948  0.00647498  0.00711948
0.174705  0.00704651  0.00776638
0.178463  0.00765423  0.0084564
0.18222  0.00829951  0.0091914
0.185978  0.00898379  0.00997331
