6.250000000000000300e-06 -2.720717865385155476e-02
8.586398720000003475e-06 -2.720717865385154435e-02
1.179619890000000133e-05 -2.720717865385155129e-02
1.620589869999999923e-05 -2.720717865385155129e-02
2.226404930000000455e-05 -2.720717865385155129e-02
3.058688069999998988e-05 -2.720717865385154782e-02
4.202098459999999548e-05 -2.720717865385155129e-02
5.772942860000000964e-05 -2.720717865385155129e-02
7.931006269999998860e-05 -2.720717865385155823e-02
1.089580510000000225e-04 -2.720717865385156170e-02
1.496891639999999913e-04 -2.720717865385155823e-02
2.056465350000000333e-04 -2.720717865385155823e-02
2.825221040000000213e-04 -2.720717865385155129e-02
3.881355889999999875e-04 -2.720717865385154782e-02
5.332299080000000311e-04 -2.720717865385155823e-02
7.325639359999999321e-04 -2.720717865385155129e-02
1.006413770000000232e-03 -2.720717865385155823e-02
1.382635180000000045e-03 -2.720717865385155823e-02
1.899497110000000202e-03 -2.720717865385155476e-02
2.609574339999999864e-03 -2.720717865385155129e-02
3.585095319999999971e-03 -2.720717865385156170e-02
4.925289260000000058e-03 -2.720717865385155129e-02
6.766479589999999968e-03 -2.720717865385155823e-02
9.295950670000002400e-03 -2.720717865385153394e-02
1.277099819999999962e-02 -2.720717865385154088e-02
1.754510130000000098e-02 -2.720717865385153741e-02
2.410387760000000379e-02 -2.720717865385157905e-02
3.311448069999999716e-02 -2.720717865385157211e-02
4.549346149999999867e-02 -2.720717865385156864e-02
6.250000000000002776e-02 -2.720717865385151660e-02
7.562500000000001166e-02 -2.720717865385153741e-02
9.440033609999998188e-02 -2.720717865385153048e-02
1.152553299999999892e-01 -2.720717865385152701e-02
1.381899809999999895e-01 -2.720717865385155476e-02
1.632042900000000019e-01 -2.720717865385172129e-02
1.902982570000000262e-01 -2.720717865385154088e-02
2.194718810000000631e-01 -2.720717865385154435e-02
2.507251629999999176e-01 -2.720717865385157905e-02
2.840581019999999790e-01 -2.720717865385159986e-02
3.194706989999999691e-01 -2.720717865385155476e-02
3.569629540000000545e-01 -2.720717865385155129e-02
3.965348670000000686e-01 -2.720717865385154782e-02
4.381864369999999287e-01 -2.720717865385155476e-02
4.819176639999999123e-01 -2.720717865385155823e-02
5.277285500000000740e-01 -2.720717865385155823e-02
5.756190929999999151e-01 -2.720717865385156517e-02
6.255892929999999907e-01 -2.720717865385159986e-02
6.776391510000000507e-01 -2.720717865385160680e-02
7.317686670000000948e-01 -2.720717865385158252e-02
7.879778410000001232e-01 -2.720717865385157558e-02
8.462666720000002751e-01 -2.720717865385149578e-02
9.066351610000000782e-01 -2.720717865385157905e-02
9.690833070000002269e-01 -2.720717865385155129e-02
1.033611110000000055e+00 -2.720717865385158252e-02
1.100218570000000229e+00 -2.720717865385153048e-02
1.168905689999999886e+00 -2.720717865385156517e-02
1.239672469999999471e+00 -2.720717865385147149e-02
1.312518900000000377e+00 -2.720717865385160333e-02
1.387445000000000483e+00 -2.720717865385170742e-02
1.464450750000000356e+00 -2.720717865385143680e-02
1.543536149999999996e+00 -2.720717865385148190e-02
1.624701220000000168e+00 -2.720717865385155823e-02
1.707945940000000329e+00 -2.720717865385150619e-02
1.793270319999999973e+00 -2.720717865385165538e-02
1.880674360000000211e+00 -2.720717865385147149e-02
1.970158059999999489e+00 -2.720717865385161721e-02
2.061721410000000532e+00 -2.720717865385143680e-02
2.155364420000000170e+00 -2.720717865385144721e-02
2.251087089999999957e+00 -2.720717865385165884e-02
2.348889409999999955e+00 -2.720717865385153048e-02
2.448771400000000042e+00 -2.720717865385161721e-02
2.550733039999999896e+00 -2.720717865385149231e-02
2.654774339999999455e+00 -2.720717865385144721e-02
2.760895300000000052e+00 -2.720717865385152354e-02
2.869095909999999972e+00 -2.720717865385156517e-02
2.979376179999999597e+00 -2.720717865385159639e-02
3.091736110000000703e+00 -2.720717865385154435e-02
3.206175700000000628e+00 -2.720717865385152354e-02
3.322694940000000319e+00 -2.720717865385164497e-02
3.441293850000000543e+00 -2.720717865385147149e-02
3.561972410000000977e+00 -2.720717865385147843e-02
3.684730620000000734e+00 -2.720717865385158946e-02
3.809568500000000579e+00 -2.720717865385161027e-02
3.936486030000001080e+00 -2.720717865385148884e-02
4.065483219999999953e+00 -2.720717865385164844e-02
4.196560070000000309e+00 -2.720717865385157211e-02
4.329716579999999482e+00 -2.720717865385154435e-02
4.464952740000001086e+00 -2.720717865385161374e-02
4.602268560000000619e+00 -2.720717865385151313e-02
4.741664039999998081e+00 -2.720717865385150619e-02
4.883139180000000579e+00 -2.720717865385152354e-02
5.026693970000001066e+00 -2.720717865385155476e-02
5.172328419999999483e+00 -2.720717865385154782e-02
5.320042530000000269e+00 -2.720717865385153394e-02
5.469836299999999873e+00 -2.720717865385156170e-02
5.621709720000000132e+00 -2.720717865385155129e-02
5.775662810000000924e+00 -2.720717865385155823e-02
5.931695549999998818e+00 -2.720717865385156170e-02
6.089807940000000919e+00 -2.720717865385153394e-02
6.250000000000000000e+00 -2.720717865385153741e-02
