# R (Å)  g ()
2.688493080811406699e+00 5.237422908546568215e+04
2.657896672667585225e+00 5.738003213706589304e+04
2.627988833395885848e+00 6.377792493618204753e+04
2.598746577388094003e+00 7.241391879981909005e+04
2.570147930842674455e+00 8.501153017498835106e+04
2.542171876697203459e+00 1.057084546639519394e+05
2.514798303118534584e+00 1.475630653822021850e+05
2.488007955285405082e+00 2.847095862017577165e+05
2.461782390220527361e+00 -1.456691517051410628e+06
2.436103934449519226e+00 -1.537330444599792827e+05
2.410955644282401167e+00 -6.463244533888187289e+04
2.386321268530071205e+00 -3.139643292832879160e+04
2.362185213483372959e+00 -1.357126627934391036e+04
2.338532509996164688e+00 -2.155152625840223664e+03
2.315348782526375437e+00 5.994104632693802159e+03
2.292620220000507913e+00 1.225971230139106410e+04
2.270333548377510446e+00 1.734571332797778814e+04
2.248476004797484329e+00 2.164832570343380212e+04
2.227035313209448919e+00 2.540766158470752998e+04
2.205999661380365406e+00 2.877776144291144738e+04
2.185357679194951608e+00 3.186203175025354358e+04
2.165098418162511251e+00 3.473250574938507634e+04
2.145211332053190922e+00 3.744093445768830861e+04
2.125686258591685807e+00 4.002548366805379192e+04
2.106513402141643176e+00 4.251494216203785618e+04
2.087683317318767884e+00 4.493145725105023303e+04
2.069186893475035038e+00 4.729236579114305641e+04
2.051015340000454490e+00 4.961145140390626329e+04
2.033160172392577625e+00 5.189982728316420980e+04
2.015613199047351145e+00 5.416656854595053301e+04
1.998366508728121715e+00 5.641917329554332537e+04
1.981412458672515697e+00 5.866390420883351908e+04
1.964743663299630683e+00 6.090604528505194321e+04
1.948352983482477763e+00 6.315009737949458940e+04
1.932233516352946046e+00 6.539992891383739334e+04
1.916378585608701668e+00 6.765889332601630304e+04
1.900781732293415072e+00 6.992992153467435855e+04
1.885436706023583708e+00 7.221559542236842390e+04
1.870337456636904871e+00 7.451820675109066360e+04
1.855478126238753411e+00 7.683980478495600983e+04
1.840853041624808561e+00 7.918223508663379471e+04
1.826456707059228357e+00 8.154717135193008289e+04
1.812283797389065754e+00 8.393614171866021934e+04
1.798329151476796284e+00 8.635055065176000062e+04
1.784587765933950410e+00 8.879169726773673028e+04
1.771054789139858476e+00 9.126079077428438177e+04
1.757725515530494498e+00 9.375896356034574274e+04
1.744595380143290297e+00 9.628728236265156011e+04
1.731659953404639296e+00 9.884675785013196582e+04
1.718914936147580841e+00 1.014383529020232963e+05
1.706356154847900486e+00 1.040629898043489666e+05
1.693979557067546882e+00 1.067215565470493166e+05
1.681781207094925179e+00 1.094149123715309834e+05
1.669757281772207280e+00 1.121438926981475670e+05
1.657904066500367479e+00 1.149093135300934664e+05
1.646217951413174951e+00 1.177119754254717845e+05
1.634695427711865712e+00 1.205526671119554958e+05
1.623333084152671857e+00 1.234321688034163526e+05
1.612127603679829324e+00 1.263512552745476714e+05
1.601075760197076203e+00 1.293106987380908686e+05
1.590174415471045322e+00 1.323112715712949575e+05
1.579420516160302990e+00 1.353537489165596198e+05
1.568811090964132848e+00 1.384389111997713044e+05
1.558343247885462857e+00 1.415675465926966572e+05
1.548014171602648759e+00 1.447404534410323831e+05
1.537821120945087383e+00 1.479584426924375002e+05
1.527761426467915573e+00 1.512223403421081020e+05
1.517832488121274359e+00 1.545329899246676650e+05
1.508031773009879339e+00 1.578912550726087647e+05
1.498356813238825858e+00 1.612980221666245779e+05
1.488805203841793601e+00 1.647542031029883365e+05
1.479374600787989769e+00 1.682607382015110343e+05
1.470062719064365364e+00 1.718185992834049684e+05
1.460867330829804356e+00 1.754287929450606462e+05
1.451786263638159546e+00 1.790923640613832977e+05
1.442817398727153089e+00 1.828103995514752169e+05
1.433958669370312577e+00 1.865840324435227085e+05
1.425208059289251983e+00 1.904144462792320410e+05
1.416563601123731697e+00 1.943028799098601739e+05
1.408023374957061646e+00 1.982506327244353597e+05
1.399585506894525988e+00 2.022590703811720596e+05
1.391248167692616056e+00 2.063296310968900507e+05
1.383009571436969898e+00 2.104638325771853270e+05
1.374867974267005799e+00 2.146632796671374235e+05
1.366821673145341087e+00 2.189296728247671854e+05
1.358869004670172131e+00 2.232648175240494020e+05
1.351008343928870925e+00 2.276706347246555961e+05
1.343238103391145577e+00 2.321491725466299104e+05
1.335556731840176869e+00 2.367026193334810669e+05
1.327962713340220313e+00 2.413333182987657201e+05
1.320454566239230854e+00 2.460437839930037735e+05
1.313030842205130888e+00 2.508367541560115642e+05
1.305690125294407089e+00 2.557150442320388975e+05
1.298431031051774376e+00 2.606819040740811906e+05
1.291252205639709327e+00 2.657407120412075892e+05
1.284152324996698846e+00 2.708951722549601109e+05
1.277130094023107620e+00 2.761493165412574308e+05
1.270184245793613220e+00 2.815075448215143406e+05
1.263313540795200085e+00 2.869746716066107037e+05
1.256516766189752277e+00 2.925559796855521272e+05
1.249792735100323737e+00 2.982572823464865796e+05
1.243140285920201649e+00 3.040849957650844590e+05
1.236558281643920454e+00 3.100462235473920591e+05
1.230045609219416081e+00 3.161488769210909377e+05
1.223601178920544541e+00 3.224016863763692672e+05
1.217223923739222835e+00 3.288145502404164872e+05
1.210912798796481393e+00 3.353984887506260420e+05
1.204666780771740608e+00 3.421659457661485649e+05
1.198484867349663308e+00 3.491310040009906515e+05
1.192366076683949005e+00 3.563096706965460326e+05
1.186309446877471308e+00 3.637202252098820754e+05
1.180314035478178702e+00 3.713836447437275783e+05
1.174378918990203635e+00 3.793241295328445267e+05
1.168503192399650059e+00 3.875697556840094039e+05
1.162685968714543439e+00 3.961532934149112552e+05
1.156926378518456033e+00 4.051132417087002541e+05
1.151223569537331848e+00 4.144951492938700831e+05
1.145576706219063823e+00 4.243533188739801990e+05
1.139984969325380071e+00 4.347530307544097304e+05
1.134447555535626373e+00 4.457734808009209228e+05
1.128963677062041038e+00 4.575117151850325172e+05
1.123532561276132657e+00 4.700879804089758545e+05
1.118153450345793276e+00 4.836531202919302159e+05
1.112825600882782373e+00 4.983989958730366197e+05
1.107548283600245487e+00 5.145734748888305039e+05
1.102320782979928415e+00 5.325025130921502132e+05
1.097142396948772802e+00 5.526235770925822435e+05
1.092012436564584243e+00 5.755378411351916147e+05
1.086930225710479592e+00 6.020947316085034981e+05
1.081895100797822806e+00 6.335349014360731235e+05
1.076906410477384002e+00 6.717448788205770543e+05
1.071963515358449692e+00 7.197403858031972777e+05
1.067065787735635984e+00 7.826600553804945666e+05
1.062212611323154032e+00 8.700326940663005225e+05
1.057403380996297271e+00 1.001739501786184264e+06
1.052637502539915948e+00 1.227316302648327546e+06
1.047914392403665795e+00 1.714124323330444517e+06
1.043233477463816561e+00 3.611606432889158837e+06
1.038594194791413683e+00 -6.373650034069077112e+06
1.033995991426600591e+00 -1.201332149930555606e+06
1.029438324158909568e+00 -4.856937877761331038e+05
1.024920659313335314e+00 -1.975511002995113085e+05
1.020442472542019585e+00 -3.987794592743980320e+04
1.016003248621371480e+00 6.095453231199005677e+04
1.011602481254461727e+00 1.319626370599932561e+05
1.007239672878528003e+00 1.853965075937602960e+05
1.002914334477444047e+00 2.276157869515833736e+05
9.986259853989943869e-01 2.622503231463907869e+05
9.943741531768217623e-01 2.915229576382950181e+05
9.901583733569015999e-01 3.168710878787157708e+05
9.859781893284125243e-01 3.392654790926832356e+05
9.818331521588723465e-01 3.593854497922801529e+05
9.777228204334165174e-01 3.777206469108671299e+05
9.736467600980951431e-01 3.946329570425240672e+05
9.696045443070742120e-01 4.103956539202148560e+05
9.655957532736277882e-01 4.252189831593465642e+05
9.616199741248104838e-01 4.392673669910650351e+05
9.576768007597058485e-01 4.526712655205232440e+05
9.537658337111488693e-01 4.655355354521428817e+05
9.498866800108206609e-01 4.779454362131324597e+05
9.460389530576243100e-01 4.899710214008555049e+05
9.422222724892459489e-01 5.016704008029451943e+05
9.384362640568119085e-01 5.130921968874331797e+05
9.346805595025563518e-01 5.242774538435043069e+05
9.309547964404143450e-01 5.352609145189737901e+05
9.272586182394597643e-01 5.460724908072290709e+05
9.235916739101084350e-01 5.567378130614064867e+05
9.199536179930110080e-01 5.672791085662626429e+05
9.163441104505614110e-01 5.777157359472275712e+05
9.127628165609501520e-01 5.880646436479057884e+05
9.092094068146903130e-01 5.983407446527871070e+05
9.056835568135542802e-01 6.085572229566095630e+05
9.021849471718493829e-01 6.187257868717657402e+05
8.987132634199750392e-01 6.288568792543971213e+05
8.952681959101985720e-01 6.389598528741319897e+05
8.918494397245876337e-01 6.490431181131874910e+05
8.884566945850463915e-01 6.591142671280357754e+05
8.850896647653964111e-01 6.691801794050557073e+05
8.817480590054482814e-01 6.792471115933401743e+05
8.784315904270140196e-01 6.893207743591547478e+05
8.751399764518069668e-01 6.994063985102643492e+05
8.718729387211802129e-01 7.095087917695554206e+05
8.686302030176569211e-01 7.196323883800943149e+05
8.654114991882053687e-01 7.297812917941873893e+05
8.622165610692120730e-01 7.399593121792015154e+05
8.590451264131122588e-01 7.501699991428032517e+05
8.558969368166333691e-01 7.604166705653271638e+05
8.527717376506098734e-01 7.707024379369206727e+05
8.496692779913304072e-01 7.810302288460533600e+05
8.465893105533791596e-01 7.914028068229479250e+05
8.435315916239307654e-01 8.018227893737701233e+05
8.404958809984651724e-01 8.122926653856945923e+05
8.374819419178658464e-01 8.228147998638857389e+05
8.344895410068652319e-01 8.333914663922653999e+05
8.315184482138066047e-01 8.440248388887807960e+05
8.285684367516875648e-01 8.547170121222613379e+05
8.256392830404535310e-01 8.654700092565496452e+05
8.227307666505117023e-01 8.762857904515108094e+05
8.198426702474345129e-01 8.871662613142578630e+05
8.169747795378238253e-01 8.981132799196905689e+05
8.141268832163065516e-01 9.091286639282344840e+05
8.112987729136370563e-01 9.202141969224615023e+05
8.084902431458745875e-01 9.313716344537754776e+05
8.057010912646154210e-01 9.426027098539012950e+05
8.029311174082498503e-01 9.539091394295757636e+05
8.001801244542218194e-01 9.652926277329872828e+05
7.974479179722669953e-01 9.767548724884444382e+05
7.947343061786049656e-01 9.882975693793372484e+05
7.920390998910632474e-01 9.999224167121662758e+05
7.893621124851125659e-01 1.011631119984076242e+06
7.867031598507895351e-01 1.023425396400767844e+06
7.840620603504877550e-01 1.035306979380856152e+06
7.814386347775953423e-01 1.047277622981743189e+06
7.788327063159621311e-01 1.059339106532514095e+06
7.762441005001721184e-01 1.071493239123985171e+06
7.736726451766082757e-01 1.083741864321175264e+06
7.711181704652873004e-01 1.096086865016919794e+06
7.685805087224483190e-01 1.108530168262702180e+06
7.660594945038776693e-01 1.121073747058827663e+06
7.635549645289538834e-01 1.133719643009889405e+06
7.610667576453939986e-01 1.146469937224262394e+06
7.585947147946887625e-01 1.159326790933009237e+06
7.561386789782081896e-01 1.172292434361834545e+06
7.536984952239639268e-01 1.185369176817859523e+06
7.512740105540126612e-01 1.198559413624195615e+06
7.488650739524872479e-01 1.211865633786041290e+06
7.464715363342400156e-01 1.225290427830110770e+06
7.440932505140865905e-01 1.238836496494357241e+06
7.417300711766350307e-01 1.252506659965699073e+06
7.393818548466883911e-01 1.266303867861619219e+06
7.370484598602073945e-01 1.280231210026946617e+06
7.347297463358214431e-01 1.294291928240920417e+06
7.324255761468763115e-01 1.308489428871840704e+06
7.301358128940045322e-01 1.322827296789464075e+06
7.278603218782101480e-01 1.337309310352426022e+06
7.255989700744549520e-01 1.351939457923304522e+06
7.233516261057353347e-01 1.366721955908113159e+06
7.211181602176387484e-01 1.381661268482519081e+06
7.188984442533713493e-01 1.396762129409441724e+06
7.166923516292449392e-01 1.412029565911023179e+06
7.144997573106133260e-01 1.427468925156966550e+06
7.123205377882496636e-01 1.443085903139892966e+06
7.101545710551547819e-01 1.458886577644608449e+06
7.080017365837868448e-01 1.474877443483361276e+06
7.058619153037044569e-01 1.491065452699099435e+06
7.037349895796136678e-01 1.507458058989339741e+06
7.016208431898107722e-01 1.524063267343089916e+06
6.995193613050124659e-01 1.540889689622013364e+06
6.974304304675655874e-01 1.557946606887603411e+06
6.953539385710278964e-01 1.575244039539545774e+06
6.932897748401123383e-01 1.592792826262542978e+06
6.912378298109883579e-01 1.610604713374802610e+06
6.891979953119311553e-01 1.628692455929100979e+06
6.871701644443124479e-01 1.647069932633530581e+06
6.851542315639274072e-01 1.665752276425506454e+06
6.831500922626466688e-01 1.684756025652647018e+06
6.811576433503919725e-01 1.704099292278629029e+06
6.791767828374245530e-01 1.723801961963979527e+06
6.772074099169429484e-01 1.743885920259917155e+06
6.752494249479813471e-01 1.764375315662919544e+06
6.733027294386050299e-01 1.785296865618065465e+06
6.713672260293951366e-01 1.806680213231740054e+06
6.694428184772172052e-01 1.828558345009983983e+06
6.675294116392681554e-01 1.850968082366190618e+06
6.656269114573966084e-01 1.873950662221554201e+06
6.637352249426901052e-01 1.897552426361602033e+06
6.618542601603241149e-01 1.921825644414426060e+06
6.599839262146689478e-01 1.946829500649848953e+06
6.581241332346472461e-01 1.972631285248724744e+06
6.562747923593391652e-01 1.999307840108812554e+06
6.544358157238293616e-01 2.026947325918389717e+06
6.526071164452911244e-01 2.055651396363585489e+06
6.507886086093034317e-01 2.085537893875732087e+06
6.489802072563961577e-01 2.116744217064247001e+06
6.471818283688182127e-01 2.149431567675040103e+06
6.453933888575262845e-01 2.183790352510074154e+06
6.436148065493878523e-01 2.220047126861190889e+06
6.418460001745956989e-01 2.258473617632792797e+06
6.400868893542887017e-01 2.299398596884184983e+06
6.383373945883767941e-01 2.343223689270469826e+06
6.365974372435637685e-01 2.390444774973350111e+06
6.348669395415661443e-01 2.441681382243688218e+06
6.331458245475236613e-01 2.497717822723607998e+06
6.314340161585977329e-01 2.559561917753294576e+06
6.297314390927538641e-01 2.628530765695564914e+06
6.280380188777260342e-01 2.706379289092247840e+06
6.263536818401574946e-01 2.795498705705081578e+06
6.246783550949169816e-01 2.899233731141960714e+06
6.230119665345849045e-01 3.022410550663822796e+06
6.213544448191082870e-01 3.172259300346637145e+06
6.197057193656195784e-01 3.360123889267299790e+06
6.180657203384180010e-01 3.604873232599182986e+06
6.164343786391084379e-01 3.940381596289598383e+06
6.148116258968971959e-01 4.434146677179484628e+06
6.131973944590400905e-01 5.242777425489129499e+06
6.115916173814404111e-01 6.831501604146206751e+06
6.099942284193947684e-01 1.147260739462690428e+07
6.084051620184834919e-01 3.264532588380227089e+08
6.068243533056022487e-01 -7.840488181950437836e+06
6.052517380801342162e-01 -2.766586808392837644e+06
6.036872528052585896e-01 -1.097359121306769550e+06
6.021308345993936495e-01 -2.600604676809246885e+05
6.005824212277717233e-01 2.475177870235366572e+05
5.990419510941441539e-01 5.911068270528991707e+05
5.975093632326129445e-01 8.413307482908066595e+05
5.959845972995885255e-01 1.033369152489233180e+06
5.944675935658688681e-01 1.186714657670437125e+06
5.929582929088410559e-01 1.313039706071219174e+06
5.914566368047996514e-01 1.419760846960285679e+06
5.899625673213828581e-01 1.511816441530730342e+06
5.884760271101217022e-01 1.592622003841060214e+06
5.869969593991029022e-01 1.664615236706072930e+06
5.855253079857413168e-01 1.729582619078129064e+06
5.840610172296608615e-01 1.788863294801038690e+06
5.826040320456822297e-01 1.843480874254334252e+06
5.811542978969155282e-01 1.894231229454564396e+06
5.797117607879549439e-01 1.941742520642868010e+06
5.782763672581753278e-01 1.986517188537114765e+06
5.768480643751279224e-01 2.028961931088651763e+06
5.754267997280333446e-01 2.069409494401531527e+06
5.740125214213711580e-01 2.108134771350683179e+06
5.726051780685631476e-01 2.145366871310856659e+06
5.712047187857497432e-01 2.181298342670888174e+06
5.698110931856572581e-01 2.216091950957484543e+06
5.684242513715546119e-01 2.249886709117093123e+06
5.670441439312985388e-01 2.282801634232160170e+06
5.656707219314649482e-01 2.314939438485421240e+06
5.643039369115653292e-01 2.346389202538368758e+06
5.629437408783474206e-01 2.377228579943268560e+06
5.615900863001768162e-01 2.407525587260622997e+06
5.602429261015009487e-01 2.437340054005272686e+06
5.589022136573916777e-01 2.466724854372959118e+06
5.575679027881660366e-01 2.495726879248838406e+06
5.562399477540841408e-01 2.524387880551271141e+06
5.549183032501230350e-01 2.552745165798136033e+06
5.536029244008235928e-01 2.580832184739524499e+06
5.522937667552119123e-01 2.608679026063457131e+06
5.509907862817920998e-01 2.636312839133181144e+06
5.496939393636094406e-01 2.663758194524633698e+06
5.484031827933834036e-01 2.691037392713616136e+06
5.471184737687095900e-01 2.718170729944200721e+06
5.458397698873276305e-01 2.745176727765315212e+06
5.445670291424564713e-01 2.772072332091672812e+06
5.433002099181947209e-01 2.798873086274288595e+06
5.420392709849839452e-01 2.825593282088558655e+06
5.407841714951364676e-01 2.852246092401620001e+06
5.395348709784241192e-01 2.878843687997610308e+06
5.382913293377282749e-01 2.905397335276511032e+06
5.370535068447501725e-01 2.931917494418976828e+06
5.358213641357796320e-01 2.958413892870873213e+06
5.345948622075230583e-01 2.984895598896519281e+06
5.333739624129868462e-01 3.011371084548096638e+06
5.321586264574192926e-01 3.037848281879162882e+06
5.309488163943056893e-01 3.064334633433884475e+06
5.297444946214192596e-01 3.090837137673889287e+06
5.285456238769252746e-01 3.117362389106047805e+06
5.273521672355381273e-01 3.143916615603961051e+06
5.261640881047302543e-01 3.170505711121469736e+06
5.249813502209920157e-01 3.197135264480425511e+06
5.238039176461424251e-01 3.223810591438106261e+06
5.226317547636885052e-01 3.250536750240740832e+06
5.214648262752344943e-01 3.277318573297813535e+06
5.203030971969383467e-01 3.304160682833753992e+06
5.191465328560153081e-01 3.331067510934330057e+06
5.179950988872893403e-01 3.358043317013154272e+06
5.168487612297884004e-01 3.385092203090476338e+06
5.157074861233862384e-01 3.412218129291016608e+06
5.145712401054881591e-01 3.439424926950656343e+06
5.134399900077605272e-01 3.466716311400991399e+06
5.123137029529032382e-01 3.494095893705041148e+06
5.111923463514647104e-01 3.521567191707232501e+06
5.100758878986981770e-01 3.549133640297215898e+06
5.089642955714601680e-01 3.576798600961357821e+06
5.078575376251480700e-01 3.604565371558836196e+06
5.067555825906784328e-01 3.632437193882021587e+06
5.056583992715043552e-01 3.660417262908570468e+06
5.045659567406717283e-01 3.688508734262478072e+06
5.034782243379126720e-01 3.716714731822933070e+06
5.023951716667780509e-01 3.745038355021824129e+06
5.013167685918050731e-01 3.773482685942783486e+06
5.002429852357227480e-01 3.802050796094132587e+06
4.991737919766927600e-01 3.830745753300880548e+06
4.981091594455852034e-01 3.859570628107434604e+06
4.970490585232896219e-01 3.888528500463267788e+06
4.959934603380601326e-01 3.917622464854486752e+06
4.949423362628942447e-01 3.946855642774300650e+06
4.938956579129450963e-01 3.976231177482530475e+06
4.928533971429664429e-01 4.005752251925525256e+06
4.918155260447895638e-01 4.035422089792854153e+06
4.907820169448324776e-01 4.065243962257486768e+06
4.897528424016403537e-01 4.095221200720385648e+06
4.887279752034566216e-01 4.125357191080935765e+06
4.877073883658245568e-01 4.155655394274448976e+06
4.866910551292191744e-01 4.186119346804579720e+06
4.856789489567080453e-01 4.216752669979950413e+06
4.846710435316422538e-01 4.247559077984619886e+06
4.836673127553746676e-01 4.278542386129755527e+06
4.826677307450077392e-01 4.309706520027047954e+06
4.816722718311685081e-01 4.341055524181242101e+06
4.806809105558113027e-01 4.372593572507578880e+06
4.796936216700474209e-01 4.404324978189699352e+06
4.787103801320017338e-01 4.436254204768203199e+06
4.777311611046951012e-01 4.468385877604484558e+06
4.767559399539532672e-01 4.500724796302311122e+06
4.757846922463411787e-01 4.533275947830493562e+06
4.748173937471220629e-01 4.566044520613119006e+06
4.738540204182419280e-01 4.599035919671386480e+06
4.728945484163386559e-01 4.632255781777596101e+06
4.719389540907741321e-01 4.665709994701448828e+06
4.709872139816914660e-01 4.699404714105038904e+06
4.700393048180951383e-01 4.733346384171717800e+06
4.690952035159541844e-01 4.767541759403502569e+06
4.681548871763283604e-01 4.801997927859894931e+06
4.672183330835166792e-01 4.836722336623634212e+06
4.662855187032284299e-01 4.871722819195332006e+06
4.653564216807755116e-01 4.907007625401725993e+06
4.644310198392868627e-01 4.942585453892425634e+06
4.635092911779438718e-01 4.978465487450649031e+06
4.625912138702368837e-01 5.014657431637867354e+06
4.616767662622424662e-01 5.051171556990590878e+06
4.607659268709204947e-01 5.088018745135650970e+06
4.598586743824322198e-01 5.125210538848971948e+06
4.589549876504777082e-01 5.162759200066943653e+06
4.580548456946526015e-01 5.200677766491225921e+06
4.571582276988248039e-01 5.238980123068647459e+06
4.562651130095295438e-01 5.277681074013752863e+06
4.553754811343838083e-01 5.316796426117887720e+06
4.544893117405187644e-01 5.356343077999863774e+06
4.536065846530308865e-01 5.396339121844494715e+06
4.527272798534506260e-01 5.436803958038065583e+06
4.518513774782293435e-01 5.477758413836751133e+06
4.509788578172437834e-01 5.519224888224561699e+06
4.501097013123169788e-01 5.561227505201737396e+06
4.492438885557573647e-01 5.603792288659381680e+06
4.483814002889141004e-01 5.646947358251196332e+06
4.475222174007491005e-01 5.690723150375652127e+06
4.466663209264253309e-01 5.735152666852474213e+06
4.458136920459118135e-01 5.780271756830589846e+06
4.449643120826036746e-01 5.826119436418311670e+06
4.441181625019587909e-01 5.872738251913729124e+06
4.432752249101494790e-01 5.920174694865101017e+06
4.424354810527297288e-01 5.968479676019513048e+06
4.415989128133172015e-01 6.017709070050211623e+06
4.407655022122910493e-01 6.067924342367602512e+06
4.399352314055029467e-01 6.119193273008436896e+06
4.391080826830042749e-01 6.171590796736813150e+06
4.382840384677864631e-01 6.225199979965118691e+06
4.374630813145363173e-01 6.280113162538315170e+06
4.366451939084044498e-01 6.336433297360403463e+06
4.358303590637883640e-01 6.394275529054594226e+06
4.350185597231285839e-01 6.453769063021503389e+06
4.342097789557183285e-01 6.515059388509130105e+06
4.334039999565266754e-01 6.578310938818010502e+06
4.326012060450343810e-01 6.643710288295214996e+06
4.318013806640829122e-01 6.711470020864454098e+06
4.310045073787363012e-01 6.781833457413823344e+06
4.302105698751554352e-01 6.855080219793215394e+06
4.294195519594844468e-01 6.931534091021351516e+06
4.286314375567499835e-01 7.011570586976555176e+06
4.278462107097723011e-01 7.095629248494182713e+06
4.270638555780880141e-01 7.184227127746681683e+06
4.262843564368852811e-01 7.277976848413995467e+06
4.255076976759498697e-01 7.377609778811113909e+06
4.247338637986234899e-01 7.484006289084209129e+06
4.239628394207728412e-01 7.598235757052175701e+06
4.231946092697700945e-01 7.721610217370690778e+06
4.224291581834846987e-01 7.855757331928168423e+06
4.216664711092857343e-01 8.002721430152557790e+06
4.209065331030553136e-01 8.165105997641416267e+06
4.201493293282121400e-01 8.346278897922285832e+06
4.193948450547463347e-01 8.550675325251111761e+06
4.186430656582644239e-01 8.784256740816842765e+06
4.178939766190439831e-01 9.055229689515050501e+06
4.171475635210989408e-01 9.375212366874141619e+06
4.164038120512551511e-01 9.761213330011084676e+06
4.156627079982350703e-01 1.023916796941488981e+07
4.149242372517527588e-01 1.085067967645918205e+07
4.141883858016185971e-01 1.166695695437458158e+07
4.134551397368528280e-01 1.282084378884767555e+07
4.127244852448092027e-01 1.459193095709515177e+07
4.119964086103077294e-01 1.768648091747757047e+07
4.112708962147761937e-01 2.455342220912660658e+07
4.105479345354013376e-01 5.341302672838485241e+07
4.098275101442886426e-01 -6.986775360099859536e+07
4.091096097076307170e-01 -1.428282624727167375e+07
4.083942199848848986e-01 -5.398025938513981178e+06
4.076813278279592945e-01 -1.749816201521384763e+06
4.069709201804069809e-01 2.495130218646417488e+05
4.062629840766291967e-01 1.519683747540166136e+06
4.055575066410865848e-01 2.403678429585393984e+06
4.048544750875182063e-01 3.058568401073805522e+06
4.041538767181695468e-01 3.566432179194727913e+06
4.034556989230277946e-01 3.974344846356908325e+06
4.027599291790651681e-01 4.311239210993119515e+06
4.020665550494903484e-01 4.595877186700782739e+06
4.013755641830076271e-01 4.840958865196439438e+06
4.006869443130830488e-01 5.055387112945266999e+06
4.000006832572188253e-01 5.245588406063724309e+06
3.993167689162348544e-01 5.416317858757672831e+06
3.986351892735577884e-01 5.571169456918735988e+06
3.979559323945170979e-01 5.712910120893606916e+06
3.972789864256483505e-01 5.843704710848917253e+06
3.966043395940040961e-01 5.965271366672066040e+06
3.959319802064709681e-01 6.078991116507040337e+06
3.952618966490943353e-01 6.185986718473220244e+06
3.945940773864094475e-01 6.287180306107108481e+06
3.939285109607796320e-01 6.383336574749833904e+06
3.932651859917410397e-01 6.475094555958376266e+06
3.926040911753538309e-01 6.562992861890337430e+06
3.919452152835601333e-01 6.647488492947336286e+06
3.912885471635483281e-01 6.728971776849159971e+06
3.906340757371239425e-01 6.807778168705910444e+06
3.899817900000864812e-01 6.884197486657864414e+06
3.893316790216128087e-01 6.958481535234563984e+06
3.886837319436463045e-01 7.030850080135029741e+06
3.880379379802926798e-01 7.101495871059911326e+06
3.873942864172214007e-01 7.170588661378840916e+06
3.867527666110729401e-01 7.238278482515178621e+06
3.861133679888723580e-01 7.304698551521041431e+06
3.854760800474482108e-01 7.369967512947206385e+06
3.848408923528579550e-01 7.434191408355697989e+06
3.842077945398176819e-01 7.497465306415790692e+06
3.835767763111390671e-01 7.559874741545205005e+06
3.829478274371705404e-01 7.621496829533834010e+06
3.823209377552449495e-01 7.682401328445056453e+06
3.816960971691317761e-01 7.742651508317986503e+06
3.810732956484954581e-01 7.802304892982853577e+06
3.804525232283583747e-01 7.861413903812407516e+06
3.798337700085696600e-01 7.920026443131028675e+06
3.792170261532786246e-01 7.978186354655004106e+06
3.786022818904138387e-01 8.035933878725935705e+06
3.779895275111667674e-01 8.093306014382192865e+06
3.773787533694809015e-01 0.000000000000000000e+00
3.767699498815452741e-01 0.000000000000000000e+00
3.761631075252935275e-01 0.000000000000000000e+00
3.755582168399070886e-01 0.000000000000000000e+00
3.749552684253240065e-01 0.000000000000000000e+00
3.743542529417514531e-01 0.000000000000000000e+00
3.737551611091839421e-01 0.000000000000000000e+00
3.731579837069254335e-01 0.000000000000000000e+00
3.725627115731163785e-01 0.000000000000000000e+00
3.719693356042650390e-01 0.000000000000000000e+00
3.713778467547837470e-01 0.000000000000000000e+00
3.707882360365286623e-01 0.000000000000000000e+00
3.702004945183453577e-01 0.000000000000000000e+00
3.696146133256169586e-01 0.000000000000000000e+00
3.690305836398180550e-01 0.000000000000000000e+00
3.684483966980720004e-01 0.000000000000000000e+00
3.678680437927127622e-01 0.000000000000000000e+00
3.672895162708507133e-01 0.000000000000000000e+00
3.667128055339426429e-01 0.000000000000000000e+00
3.661379030373656529e-01 0.000000000000000000e+00
3.655648002899953286e-01 0.000000000000000000e+00
3.649934888537875732e-01 0.000000000000000000e+00
3.644239603433644392e-01 0.000000000000000000e+00
3.638562064256039563e-01 0.000000000000000000e+00
3.632902188192337900e-01 0.000000000000000000e+00
3.627259892944284525e-01 0.000000000000000000e+00
3.621635096724103997e-01 0.000000000000000000e+00
3.616027718250549583e-01 0.000000000000000000e+00
3.610437676744986946e-01 0.000000000000000000e+00
3.604864891927516135e-01 0.000000000000000000e+00
3.599309284013127441e-01 0.000000000000000000e+00
3.593770773707895549e-01 0.000000000000000000e+00
3.588249282205204782e-01 0.000000000000000000e+00
3.582744731182012643e-01 0.000000000000000000e+00
3.577257042795146669e-01 0.000000000000000000e+00
3.571786139677632366e-01 0.000000000000000000e+00
3.566331944935062226e-01 0.000000000000000000e+00
3.560894382141989722e-01 0.000000000000000000e+00
3.555473375338357722e-01 0.000000000000000000e+00
3.550068849025967421e-01 0.000000000000000000e+00
3.544680728164967265e-01 0.000000000000000000e+00
3.539308938170384056e-01 0.000000000000000000e+00
3.533953404908678486e-01 0.000000000000000000e+00
3.528614054694338420e-01 0.000000000000000000e+00
3.523290814286496042e-01 0.000000000000000000e+00
3.517983610885579981e-01 0.000000000000000000e+00
3.512692372129997409e-01 0.000000000000000000e+00
3.507417026092845003e-01 0.000000000000000000e+00
3.502157501278648777e-01 0.000000000000000000e+00
3.496913726620136109e-01 0.000000000000000000e+00
3.491685631475033302e-01 0.000000000000000000e+00
3.486473145622893122e-01 0.000000000000000000e+00
3.481276199261951754e-01 0.000000000000000000e+00
3.476094723006012965e-01 0.000000000000000000e+00
3.470928647881359463e-01 0.000000000000000000e+00
3.465777905323693120e-01 0.000000000000000000e+00
3.460642427175100733e-01 0.000000000000000000e+00
3.455522145681049762e-01 0.000000000000000000e+00
3.450416993487404604e-01 0.000000000000000000e+00
3.445326903637477844e-01 0.000000000000000000e+00
3.440251809569098707e-01 0.000000000000000000e+00
3.435191645111716485e-01 0.000000000000000000e+00
3.430146344483519516e-01 0.000000000000000000e+00
3.425115842288587453e-01 0.000000000000000000e+00
3.420100073514065753e-01 0.000000000000000000e+00
3.415098973527364579e-01 0.000000000000000000e+00
3.410112478073382136e-01 0.000000000000000000e+00
3.405140523271753539e-01 0.000000000000000000e+00
3.400183045614122990e-01 0.000000000000000000e+00
3.395239981961438169e-01 0.000000000000000000e+00
3.390311269541272376e-01 0.000000000000000000e+00
3.385396845945163879e-01 0.000000000000000000e+00
3.380496649125985797e-01 0.000000000000000000e+00
3.375610617395331525e-01 0.000000000000000000e+00
3.370738689420928469e-01 0.000000000000000000e+00
3.365880804224068990e-01 0.000000000000000000e+00
3.361036901177068548e-01 0.000000000000000000e+00
3.356206920000744387e-01 0.000000000000000000e+00
3.351390800761911426e-01 0.000000000000000000e+00
3.346588483870906461e-01 0.000000000000000000e+00
3.341799910079129021e-01 0.000000000000000000e+00
3.337025020476605541e-01 0.000000000000000000e+00
3.332263756489572959e-01 0.000000000000000000e+00
3.327516059878084520e-01 0.000000000000000000e+00
3.322781872733632791e-01 0.000000000000000000e+00
3.318061137476799871e-01 0.000000000000000000e+00
3.313353796854917044e-01 0.000000000000000000e+00
3.308659793939754401e-01 0.000000000000000000e+00
3.303979072125225458e-01 0.000000000000000000e+00
3.299311575125110085e-01 0.000000000000000000e+00
3.294657246970799647e-01 0.000000000000000000e+00
3.290016032009059344e-01 0.000000000000000000e+00
3.285387874899811100e-01 0.000000000000000000e+00
3.280772720613932547e-01 0.000000000000000000e+00
3.276170514431075431e-01 0.000000000000000000e+00
3.271581201937506234e-01 0.000000000000000000e+00
3.267004729023957332e-01 0.000000000000000000e+00
3.262441041883505366e-01 0.000000000000000000e+00
3.257890087009456259e-01 0.000000000000000000e+00
3.253351811193259668e-01 0.000000000000000000e+00
3.248826161522433420e-01 0.000000000000000000e+00
3.244313085378505157e-01 0.000000000000000000e+00
3.239812530434976745e-01 0.000000000000000000e+00
3.235324444655298115e-01 0.000000000000000000e+00
3.230848776290864421e-01 0.000000000000000000e+00
3.226385473879026522e-01 0.000000000000000000e+00
3.221934486241118112e-01 0.000000000000000000e+00
3.217495762480498400e-01 0.000000000000000000e+00
3.213069251980614771e-01 0.000000000000000000e+00
3.208654904403077102e-01 0.000000000000000000e+00
3.204252669685749844e-01 0.000000000000000000e+00
3.199862498040859649e-01 0.000000000000000000e+00
3.195484339953117980e-01 0.000000000000000000e+00
3.191118146177859827e-01 0.000000000000000000e+00
3.186763867739197398e-01 0.000000000000000000e+00
3.182421455928189924e-01 0.000000000000000000e+00
3.178090862301024555e-01 0.000000000000000000e+00
3.173772038677218355e-01 0.000000000000000000e+00
3.169464937137828620e-01 0.000000000000000000e+00
3.165169510023682631e-01 0.000000000000000000e+00
3.160885709933619059e-01 0.000000000000000000e+00
3.156613489722742694e-01 0.000000000000000000e+00
3.152352802500699158e-01 0.000000000000000000e+00
3.148103601629954618e-01 0.000000000000000000e+00
3.143865840724096583e-01 0.000000000000000000e+00
3.139639473646146373e-01 0.000000000000000000e+00
3.135424454506882674e-01 0.000000000000000000e+00
3.131220737663183429e-01 0.000000000000000000e+00
3.127028277716376592e-01 0.000000000000000000e+00
3.122847029510604777e-01 0.000000000000000000e+00
3.118676948131207660e-01 0.000000000000000000e+00
3.114517988903108825e-01 0.000000000000000000e+00
3.110370107389225369e-01 0.000000000000000000e+00
3.106233259388880286e-01 0.000000000000000000e+00
3.102107400936238712e-01 0.000000000000000000e+00
3.097992488298743630e-01 0.000000000000000000e+00
3.093888477975573759e-01 0.000000000000000000e+00
3.089795326696112565e-01 0.000000000000000000e+00
3.085712991418423368e-01 0.000000000000000000e+00
3.081641429327744430e-01 0.000000000000000000e+00
3.077580597834990161e-01 0.000000000000000000e+00
3.073530454575265636e-01 0.000000000000000000e+00
3.069490957406394993e-01 0.000000000000000000e+00
3.065462064407459830e-01 0.000000000000000000e+00
3.061443733877346474e-01 0.000000000000000000e+00
3.057435924333309352e-01 0.000000000000000000e+00
3.053438594509544912e-01 0.000000000000000000e+00
3.049451703355771093e-01 0.000000000000000000e+00
3.045475210035826774e-01 0.000000000000000000e+00
3.041509073926273454e-01 0.000000000000000000e+00
3.037553254615014131e-01 0.000000000000000000e+00
3.033607711899921622e-01 0.000000000000000000e+00
3.029672405787474099e-01 0.000000000000000000e+00
3.025747296491405058e-01 0.000000000000000000e+00
3.021832344431363282e-01 0.000000000000000000e+00
3.017927510231581123e-01 0.000000000000000000e+00
3.014032754719555562e-01 0.000000000000000000e+00
3.010148038924735925e-01 0.000000000000000000e+00
3.006273324077228248e-01 0.000000000000000000e+00
3.002408571606501320e-01 0.000000000000000000e+00
2.998553743140108807e-01 0.000000000000000000e+00
2.994708800502420276e-01 0.000000000000000000e+00
2.990873705713358310e-01 0.000000000000000000e+00
2.987048420987149511e-01 0.000000000000000000e+00
2.983232908731084931e-01 0.000000000000000000e+00
2.979427131544284957e-01 0.000000000000000000e+00
2.975631052216480832e-01 0.000000000000000000e+00
2.971844633726800633e-01 0.000000000000000000e+00
2.968067839242563566e-01 0.000000000000000000e+00
2.964300632118090362e-01 0.000000000000000000e+00
2.960542975893513673e-01 0.000000000000000000e+00
2.956794834293604568e-01 0.000000000000000000e+00
2.953056171226603466e-01 0.000000000000000000e+00
2.949326950783062173e-01 0.000000000000000000e+00
2.945607137234695916e-01 0.000000000000000000e+00
2.941896695033239251e-01 0.000000000000000000e+00
2.938195588809315861e-01 0.000000000000000000e+00
2.934503783371314456e-01 0.000000000000000000e+00
2.930821243704272994e-01 0.000000000000000000e+00
2.927147934968771237e-01 0.000000000000000000e+00
2.923483822499832185e-01 0.000000000000000000e+00
2.919828871805833503e-01 0.000000000000000000e+00
2.916183048567421721e-01 0.000000000000000000e+00
2.912546318636442533e-01 0.000000000000000000e+00
2.908918648034869991e-01 0.000000000000000000e+00
2.905300002953751792e-01 0.000000000000000000e+00
2.901690349752156228e-01 0.000000000000000000e+00
2.898089654956132466e-01 0.000000000000000000e+00
2.894497885257674152e-01 0.000000000000000000e+00
2.890915007513692458e-01 0.000000000000000000e+00
2.887340988744996340e-01 0.000000000000000000e+00
2.883775796135282787e-01 0.000000000000000000e+00
2.880219397030129858e-01 0.000000000000000000e+00
2.876671758935999690e-01 0.000000000000000000e+00
2.873132849519250964e-01 0.000000000000000000e+00
2.869602636605155799e-01 0.000000000000000000e+00
2.866081088176924418e-01 0.000000000000000000e+00
2.862568172374735376e-01 0.000000000000000000e+00
2.859063857494779093e-01 0.000000000000000000e+00
2.855568111988300295e-01 0.000000000000000000e+00
2.852080904460651545e-01 0.000000000000000000e+00
2.848602203670356769e-01 0.000000000000000000e+00
2.845131978528173677e-01 0.000000000000000000e+00
2.841670198096170608e-01 0.000000000000000000e+00
2.838216831586807265e-01 0.000000000000000000e+00
2.834771848362019897e-01 0.000000000000000000e+00
2.831335217932316461e-01 0.000000000000000000e+00
2.827906909955878456e-01 0.000000000000000000e+00
2.824486894237664969e-01 0.000000000000000000e+00
2.821075140728528385e-01 0.000000000000000000e+00
2.817671619524334536e-01 0.000000000000000000e+00
2.814276300865086733e-01 0.000000000000000000e+00
2.810889155134061457e-01 0.000000000000000000e+00
2.807510152856944052e-01 0.000000000000000000e+00
2.804139264700977185e-01 0.000000000000000000e+00
2.800776461474108192e-01 0.000000000000000000e+00
2.797421714124149195e-01 0.000000000000000000e+00
2.794074993737941104e-01 0.000000000000000000e+00
2.790736271540519287e-01 0.000000000000000000e+00
2.787405518894292555e-01 0.000000000000000000e+00
2.784082707298222714e-01 0.000000000000000000e+00
2.780767808387011875e-01 0.000000000000000000e+00
2.777460793930295324e-01 0.000000000000000000e+00
2.774161635831839945e-01 0.000000000000000000e+00
2.770870306128748184e-01 0.000000000000000000e+00
2.767586776990669795e-01 0.000000000000000000e+00
2.764311020719015799e-01 0.000000000000000000e+00
2.761043009746179111e-01 0.000000000000000000e+00
2.757782716634762932e-01 0.000000000000000000e+00
2.754530114076812475e-01 0.000000000000000000e+00
2.751285174893050023e-01 0.000000000000000000e+00
2.748047872032123307e-01 0.000000000000000000e+00
2.744818178569847222e-01 0.000000000000000000e+00
2.741596067708462758e-01 0.000000000000000000e+00
2.738381512775892590e-01 0.000000000000000000e+00
2.735174487225007223e-01 0.000000000000000000e+00
2.731974964632891689e-01 0.000000000000000000e+00
2.728782918700122795e-01 0.000000000000000000e+00
2.725598323250046362e-01 0.000000000000000000e+00
2.722421152228063357e-01 0.000000000000000000e+00
2.719251379700917126e-01 0.000000000000000000e+00
2.716088979855990071e-01 0.000000000000000000e+00
2.712933927000601986e-01 0.000000000000000000e+00
2.709786195561313393e-01 0.000000000000000000e+00
2.706645760083236651e-01 0.000000000000000000e+00
2.703512595229347615e-01 0.000000000000000000e+00
2.700386675779806733e-01 0.000000000000000000e+00
2.697267976631278485e-01 0.000000000000000000e+00
2.694156472796264135e-01 0.000000000000000000e+00
2.691052139402430599e-01 0.000000000000000000e+00
2.687954951691949312e-01 0.000000000000000000e+00
2.684864885020838421e-01 0.000000000000000000e+00
2.681781914858308302e-01 0.000000000000000000e+00
2.678706016786112643e-01 0.000000000000000000e+00
2.675637166497903952e-01 0.000000000000000000e+00
2.672575339798592409e-01 0.000000000000000000e+00
2.669520512603713036e-01 0.000000000000000000e+00
2.666472660938789541e-01 0.000000000000000000e+00
2.663431760938710369e-01 0.000000000000000000e+00
2.660397788847105871e-01 0.000000000000000000e+00
2.657370721015727688e-01 0.000000000000000000e+00
2.654350533903835352e-01 0.000000000000000000e+00
2.651337204077587328e-01 0.000000000000000000e+00
2.648330708209432061e-01 0.000000000000000000e+00
2.645331023077510113e-01 0.000000000000000000e+00
2.642338125565050766e-01 0.000000000000000000e+00
2.639351992659783597e-01 0.000000000000000000e+00
2.636372601453345066e-01 0.000000000000000000e+00
2.633399929140695650e-01 0.000000000000000000e+00
2.630433953019534199e-01 0.000000000000000000e+00
2.627474650489723951e-01 0.000000000000000000e+00
2.624521999052714660e-01 0.000000000000000000e+00
2.621575976310976941e-01 0.000000000000000000e+00
2.618636559967431054e-01 0.000000000000000000e+00
2.615703727824888469e-01 0.000000000000000000e+00
2.612777457785491197e-01 0.000000000000000000e+00
2.609857727850156128e-01 0.000000000000000000e+00
2.606944516118025468e-01 0.000000000000000000e+00
2.604037800785918289e-01 0.000000000000000000e+00
2.601137560147785410e-01 0.000000000000000000e+00
2.598243772594172052e-01 0.000000000000000000e+00
2.595356416611678818e-01 0.000000000000000000e+00
2.592475470782428237e-01 0.000000000000000000e+00
2.589600913783537406e-01 0.000000000000000000e+00
2.586732724386589521e-01 0.000000000000000000e+00
2.583870881457112634e-01 0.000000000000000000e+00
2.581015363954060615e-01 0.000000000000000000e+00
2.578166150929297462e-01 0.000000000000000000e+00
2.575323221527083817e-01 0.000000000000000000e+00
2.572486554983569595e-01 0.000000000000000000e+00
2.569656130626287727e-01 0.000000000000000000e+00
2.566831927873651775e-01 0.000000000000000000e+00
2.564013926234458562e-01 0.000000000000000000e+00
2.561202105307390786e-01 0.000000000000000000e+00
2.558396444780525192e-01 0.000000000000000000e+00
2.555596924430844075e-01 0.000000000000000000e+00
2.552803524123748447e-01 0.000000000000000000e+00
2.550016223812576199e-01 0.000000000000000000e+00
2.547235003538121934e-01 0.000000000000000000e+00
2.544459843428161228e-01 0.000000000000000000e+00
2.541690723696977128e-01 0.000000000000000000e+00
2.538927624644888859e-01 0.000000000000000000e+00
2.536170526657786639e-01 0.000000000000000000e+00
2.533419410206664835e-01 0.000000000000000000e+00
2.530674255847164544e-01 0.000000000000000000e+00
2.527935044219112304e-01 0.000000000000000000e+00
2.525201756046066004e-01 0.000000000000000000e+00
2.522474372134863030e-01 0.000000000000000000e+00
2.519752873375171731e-01 0.000000000000000000e+00
2.517037240739042891e-01 0.000000000000000000e+00
2.514327455280467860e-01 0.000000000000000000e+00
2.511623498134937793e-01 0.000000000000000000e+00
2.508925350519005670e-01 0.000000000000000000e+00
2.506232993729851644e-01 0.000000000000000000e+00
2.503546409144850604e-01 0.000000000000000000e+00
2.500865578221142527e-01 0.000000000000000000e+00
2.498190482495205311e-01 0.000000000000000000e+00
2.495521103582434563e-01 0.000000000000000000e+00
2.492857423176717269e-01 0.000000000000000000e+00
2.490199423050016569e-01 0.000000000000000000e+00
2.487547085051954598e-01 0.000000000000000000e+00
2.484900391109400308e-01 0.000000000000000000e+00
2.482259323226058689e-01 0.000000000000000000e+00
2.479623863482061930e-01 0.000000000000000000e+00
2.476993994033565849e-01 0.000000000000000000e+00
2.474369697112345501e-01 0.000000000000000000e+00
2.471750955025396324e-01 0.000000000000000000e+00
2.469137750154535016e-01 0.000000000000000000e+00
2.466530064956006518e-01 0.000000000000000000e+00
2.463927881960089605e-01 0.000000000000000000e+00
2.461331183770707198e-01 0.000000000000000000e+00
2.458739953065039174e-01 0.000000000000000000e+00
2.456154172593137397e-01 0.000000000000000000e+00
2.453573825177541301e-01 0.000000000000000000e+00
2.450998893712899862e-01 0.000000000000000000e+00
2.448429361165591622e-01 0.000000000000000000e+00
2.445865210573349990e-01 0.000000000000000000e+00
2.443306425044890484e-01 0.000000000000000000e+00
2.440752987759538251e-01 0.000000000000000000e+00
2.438204881966861137e-01 0.000000000000000000e+00
2.435662090986301931e-01 0.000000000000000000e+00
2.433124598206817257e-01 0.000000000000000000e+00
2.430592387086511486e-01 0.000000000000000000e+00
2.428065441152280624e-01 0.000000000000000000e+00
2.425543743999453994e-01 0.000000000000000000e+00
2.423027279291438962e-01 0.000000000000000000e+00
2.420516030759368720e-01 0.000000000000000000e+00
2.418009982201751451e-01 0.000000000000000000e+00
2.415509117484122281e-01 0.000000000000000000e+00
2.413013420538696052e-01 0.000000000000000000e+00
2.410522875364023987e-01 0.000000000000000000e+00
2.408037466024652018e-01 0.000000000000000000e+00
2.405557176650779672e-01 0.000000000000000000e+00
2.403081991437923948e-01 0.000000000000000000e+00
2.400611894646581812e-01 0.000000000000000000e+00
2.398146870601897962e-01 0.000000000000000000e+00
2.395686903693333147e-01 0.000000000000000000e+00
2.393231978374333324e-01 0.000000000000000000e+00
2.390782079162004359e-01 0.000000000000000000e+00
2.388337190636784235e-01 0.000000000000000000e+00
2.385897297442121090e-01 0.000000000000000000e+00
2.383462384284151248e-01 0.000000000000000000e+00
2.381032435931379199e-01 0.000000000000000000e+00
2.378607437214361187e-01 0.000000000000000000e+00
2.376187373025387406e-01 0.000000000000000000e+00
2.373772228318171695e-01 0.000000000000000000e+00
2.371361988107535956e-01 0.000000000000000000e+00
2.368956637469102899e-01 0.000000000000000000e+00
2.366556161538986014e-01 0.000000000000000000e+00
2.364160545513485645e-01 0.000000000000000000e+00
2.361769774648782572e-01 0.000000000000000000e+00
2.359383834260636303e-01 0.000000000000000000e+00
2.357002709724085598e-01 0.000000000000000000e+00
2.354626386473147315e-01 0.000000000000000000e+00
2.352254850000521647e-01 0.000000000000000000e+00
2.349888085857295139e-01 0.000000000000000000e+00
2.347526079652648978e-01 0.000000000000000000e+00
2.345168817053565335e-01 0.000000000000000000e+00
2.342816283784538989e-01 0.000000000000000000e+00
2.340468465627289218e-01 0.000000000000000000e+00
2.338125348420471428e-01 0.000000000000000000e+00
2.335786918059395423e-01 0.000000000000000000e+00
2.333453160495738976e-01 0.000000000000000000e+00
2.331124061737269992e-01 0.000000000000000000e+00
2.328799607847564235e-01 0.000000000000000000e+00
2.326479784945728047e-01 0.000000000000000000e+00
2.324164579206123016e-01 0.000000000000000000e+00
2.321853976858090085e-01 0.000000000000000000e+00
2.319547964185677269e-01 0.000000000000000000e+00
2.317246527527367372e-01 0.000000000000000000e+00
2.314949653275810426e-01 0.000000000000000000e+00
2.312657327877552238e-01 0.000000000000000000e+00
2.310369537832770159e-01 0.000000000000000000e+00
2.308086269695007464e-01 0.000000000000000000e+00
2.305807510070909394e-01 0.000000000000000000e+00
2.303533245619962533e-01 0.000000000000000000e+00
2.301263463054233072e-01 0.000000000000000000e+00
2.298998149138108682e-01 0.000000000000000000e+00
2.296737290688041222e-01 0.000000000000000000e+00
2.294480874572291385e-01 0.000000000000000000e+00
2.292228887710673069e-01 0.000000000000000000e+00
2.289981317074302469e-01 0.000000000000000000e+00
2.287738149685345501e-01 0.000000000000000000e+00
2.285499372616768554e-01 0.000000000000000000e+00
2.283264972992090081e-01 0.000000000000000000e+00
2.281034937985133570e-01 0.000000000000000000e+00
2.278809254819782470e-01 0.000000000000000000e+00
2.276587910769735379e-01 0.000000000000000000e+00
2.274370893158265128e-01 0.000000000000000000e+00
2.272158189357975644e-01 0.000000000000000000e+00
2.269949786790563806e-01 0.000000000000000000e+00
2.267745672926580192e-01 0.000000000000000000e+00
2.265545835285192044e-01 0.000000000000000000e+00
2.263350261433948740e-01 0.000000000000000000e+00
2.261158938988546419e-01 0.000000000000000000e+00
2.258971855612595392e-01 0.000000000000000000e+00
2.256788999017389497e-01 0.000000000000000000e+00
2.254610356961675166e-01 0.000000000000000000e+00
2.252435917251421893e-01 0.000000000000000000e+00
2.250265667739596576e-01 0.000000000000000000e+00
2.248099596325935645e-01 0.000000000000000000e+00
2.245937690956721633e-01 0.000000000000000000e+00
2.243779939624557518e-01 0.000000000000000000e+00
2.241626330368147180e-01 0.000000000000000000e+00
2.239476851272071689e-01 0.000000000000000000e+00
2.237331490466571426e-01 0.000000000000000000e+00
2.235190236127326535e-01 0.000000000000000000e+00
2.233053076475240706e-01 0.000000000000000000e+00
2.230919999776223572e-01 0.000000000000000000e+00
2.228790994340978104e-01 0.000000000000000000e+00
2.226666048524784947e-01 0.000000000000000000e+00
2.224545150727291754e-01 0.000000000000000000e+00
2.222428289392300582e-01 0.000000000000000000e+00
2.220315453007560280e-01 0.000000000000000000e+00
2.218206630104554988e-01 0.000000000000000000e+00
2.216101809258298749e-01 0.000000000000000000e+00
2.214000979087128174e-01 0.000000000000000000e+00
2.211904128252497603e-01 0.000000000000000000e+00
2.209811245458775109e-01 0.000000000000000000e+00
2.207722319453039594e-01 0.000000000000000000e+00
2.205637339024879295e-01 0.000000000000000000e+00
2.203556293006190547e-01 0.000000000000000000e+00
2.201479170270979890e-01 0.000000000000000000e+00
2.199405959735163951e-01 0.000000000000000000e+00
2.197336650356373489e-01 0.000000000000000000e+00
2.195271231133757439e-01 0.000000000000000000e+00
2.193209691107786685e-01 0.000000000000000000e+00
2.191152019360061709e-01 0.000000000000000000e+00
2.189098205013118859e-01 0.000000000000000000e+00
2.187048237230239389e-01 0.000000000000000000e+00
2.185002105215258228e-01 0.000000000000000000e+00
2.182959798212374958e-01 0.000000000000000000e+00
2.180921305505964802e-01 0.000000000000000000e+00
2.178886616420391553e-01 0.000000000000000000e+00
2.176855720319821330e-01 0.000000000000000000e+00
2.174828606608037451e-01 0.000000000000000000e+00
2.172805264728254471e-01 0.000000000000000000e+00
2.170785684162938045e-01 0.000000000000000000e+00
2.168769854433620081e-01 0.000000000000000000e+00
2.166757765100718325e-01 0.000000000000000000e+00
2.164749405763355672e-01 0.000000000000000000e+00
2.162744766059181978e-01 0.000000000000000000e+00
2.160743835664195867e-01 0.000000000000000000e+00
2.158746604292565430e-01 0.000000000000000000e+00
2.156753061696455032e-01 0.000000000000000000e+00
2.154763197665847396e-01 0.000000000000000000e+00
2.152777002028370690e-01 0.000000000000000000e+00
2.150794464649125604e-01 0.000000000000000000e+00
