1.859777894050210342e-03 -1.841284938234763191e-01
2.775679653571316158e-02 -1.317945403811700666e+00
5.365381517737611433e-02 1.559170244131096394e+00
7.955083381903907402e-02 1.401467063499015619e+00
1.054478524607020268e-01 1.274934674065978601e+00
1.313448711023649518e-01 1.162241173691295426e+00
1.572418897440279184e-01 1.057298171155002464e+00
1.831389083856908850e-01 9.573932280932857530e-01
2.090359270273538239e-01 8.611128072185312288e-01
2.349329456690167628e-01 7.676313289505657389e-01
2.608299643106797294e-01 6.764226178734128458e-01
2.867269829523427238e-01 5.871274898016413113e-01
3.126240015940056627e-01 4.994864210921122205e-01
3.385210202356686016e-01 4.133041015615108171e-01
3.644180388773315959e-01 3.284272620075397442e-01
3.903150575189945348e-01 2.447329655939667892e-01
4.162120761606574737e-01 1.621197684223940894e-01
4.421090948023204126e-01 8.050228673255568901e-02
4.680061134439833515e-01 -1.923096777222785161e-04
4.939031320856463458e-01 -8.002690296901716904e-02
5.198001507273092292e-01 -1.590564914502816118e-01
5.456971693689722791e-01 -2.373296149643512876e-01
5.715941880106352180e-01 -3.148894346531591060e-01
5.974912066522981569e-01 -3.917745853788068833e-01
6.233882252939610957e-01 -4.680198591926241769e-01
6.492852439356240346e-01 -5.436567583346862964e-01
6.751822625772869735e-01 -6.187139291921875950e-01
7.010792812189499124e-01 -6.932174613179089562e-01
7.269762998606129623e-01 -7.671911587546484945e-01
7.528733185022759011e-01 -8.406569814397490958e-01
7.787703371439388400e-01 -9.136353725623963529e-01
8.046673557856017789e-01 -9.861452568967987720e-01
8.305643744272647178e-01 -1.058203629786425237e+00
8.564613930689276566e-01 -1.129826381265944146e+00
8.823584117105905955e-01 -1.201029293986668467e+00
9.082554303522535344e-01 -1.271826481738538961e+00
9.341524489939164733e-01 -1.342229618936595870e+00
9.600494676355795232e-01 -1.412252423123967038e+00
9.859464862772424620e-01 -1.481906993855633958e+00
1.011843504918905179e+00 -1.551201540286580194e+00
1.037740523560568118e+00 1.521443540125637650e+00
1.063637542202231279e+00 1.452833661195680692e+00
1.089534560843894218e+00 1.384555394695244690e+00
1.115431579485557156e+00 1.316594795165436427e+00
1.141328598127220095e+00 1.248948929351504145e+00
1.167225616768883034e+00 1.181606461065849434e+00
1.193122635410545973e+00 1.114560364243717849e+00
1.219019654052208912e+00 1.047806939698121997e+00
1.244916672693871851e+00 9.813329809481931010e-01
1.270813691335534790e+00 9.151406530882058021e-01
1.296710709977197729e+00 8.492137407004258787e-01
1.322607728618860667e+00 7.835572250671987149e-01
1.348504747260523606e+00 7.181541253439310823e-01
1.374401765902186545e+00 6.530106552352733518e-01
1.400298784543849484e+00 5.881097202348130049e-01
1.426195803185512423e+00 5.234586155646918648e-01
1.452092821827175584e+00 4.590397310328917513e-01
1.477989840468838523e+00 3.948618597153110144e-01
1.503886859110501462e+00 3.309065945427734357e-01
1.529783877752164400e+00 2.671838017192710302e-01
1.555680896393827339e+00 2.036756379859387123e-01
1.581577915035490278e+00 1.403903832288463105e-01
1.607474933677153217e+00 7.731464577868801813e-02
1.633371952318816156e+00 1.445023695172851889e-02
1.659268970960479095e+00 -4.820680765062378137e-02
1.685165989602142034e+00 -1.106651760061033579e-01
1.711063008243804973e+00 -1.729181101391433495e-01
1.736960026885467911e+00 -2.349820679471277540e-01
1.762857045527130850e+00 -2.968474424891696106e-01
1.788754064168793789e+00 -3.585257821870903583e-01
1.814651082810456728e+00 -4.200183204874889387e-01
1.840548101452119667e+00 -4.813222385826865790e-01
1.866445120093782606e+00 -5.424509973766784565e-01
1.892342138735445767e+00 -6.033967427633900593e-01
1.918239157377108706e+00 -6.641674619482498265e-01
1.944136176018771645e+00 -7.247678899508910311e-01
1.970033194660434583e+00 -7.851922749602435747e-01
1.995930213302097522e+00 -8.454517734393010020e-01
2.021827231943760239e+00 -9.055457059312410628e-01
2.047724250585423178e+00 -9.654712795946568393e-01
2.073621269227086117e+00 -1.025239453758802100e+00
2.099518287868749500e+00 -1.084847782165462071e+00
2.125415306510412439e+00 -1.144293929719280456e+00
2.151312325152075378e+00 -1.203589817933517825e+00
2.177209343793738316e+00 -1.262731565842505788e+00
2.203106362435401255e+00 -1.321715986353924732e+00
2.229003381077064194e+00 -1.380557302281723464e+00
2.254900399718727133e+00 -1.439249935455011675e+00
2.280797418360390072e+00 -1.497789028910453180e+00
2.306694437002053011e+00 -1.556191880972799924e+00
2.332591455643715950e+00 1.527140755448826326e+00
2.358488474285378889e+00 1.469031703081911777e+00
2.384385492927041827e+00 1.411053021998582846e+00
2.410282511568704766e+00 1.353209802978851295e+00
2.436179530210367705e+00 1.295516113717382289e+00
2.462076548852030644e+00 1.237949138159780471e+00
2.487973567493693583e+00 1.180507922157688627e+00
2.513870586135356522e+00 1.123214751985435411e+00
2.539767604777019461e+00 1.066048214813066553e+00
2.565664623418682400e+00 1.008996513986007981e+00
2.591561642060345338e+00 9.520882663399203860e-01
2.617458660702008277e+00 8.953104583047966081e-01
2.643355679343671216e+00 8.386397182824030239e-01
2.669252697985334155e+00 7.821007024044267508e-01
2.695149716626997094e+00 7.256973564525250886e-01
2.721046735268660033e+00 6.694024093213674087e-01
2.746943753910322972e+00 6.132199166214148400e-01
2.772840772551985911e+00 5.571736376829667936e-01
2.798737791193648849e+00 5.012461192508514962e-01
2.824634809835311788e+00 4.454158453567134135e-01
2.850531828476974727e+00 3.897096407796383777e-01
2.876428847118637666e+00 3.341314038089532867e-01
2.902325865760301049e+00 2.786553409901908474e-01
2.928222884401963988e+00 2.232801772616790914e-01
2.954119903043626927e+00 1.680298139711232097e-01
2.980016921685289866e+00 1.128972644585320567e-01
3.005913940326952805e+00 5.785703945864781317e-02
3.031810958968615743e+00 2.921519228948979158e-03
3.057707977610278682e+00 -5.189337780220806828e-02
3.083604996251941621e+00 -1.065992271954765563e-01
3.109502014893604560e+00 -1.612166519168932166e-01
3.135399033535267499e+00 -2.157302762247696459e-01
3.161296052176930438e+00 -2.701285736996026365e-01
3.187193070818593377e+00 -3.244235310916687709e-01
3.213090089460256316e+00 -3.786317503336567580e-01
3.238987108101919254e+00 -4.327406874622036770e-01
3.264884126743582193e+00 -4.867397873277420350e-01
3.290781145385245132e+00 -5.406379116584001387e-01
3.316678164026908071e+00 -5.944504924609173013e-01
3.342575182668571010e+00 -6.481703730276849873e-01
3.368472201310233949e+00 -7.017866032599083814e-01
3.394369219951896888e+00 -7.553017215182968869e-01
3.420266238593559827e+00 -8.087311239362802162e-01
3.446163257235222765e+00 -8.620752354493192993e-01
3.472060275876885704e+00 -9.153237385798119741e-01
3.497957294518548643e+00 -9.684705109505181708e-01
3.523854313160211582e+00 -1.021528232239006462e+00
3.549751331801874521e+00 -1.074506913447499379e+00
3.575648350443537460e+00 -1.127400401722306045e+00
3.601545369085200399e+00 -1.180194942385388579e+00
3.627442387726863338e+00 -1.232893040134109608e+00
3.653339406368526276e+00 -1.285514014675917416e+00
3.679236425010189215e+00 -1.338060799811398915e+00
3.705133443651852154e+00 -1.390519083362345532e+00
3.731030462293515093e+00 -1.442872673552393348e+00
3.756927480935178476e+00 -1.495143527376904480e+00
3.782824499576841415e+00 -1.547346967046461685e+00
3.808721518218504354e+00 1.542113633316847476e+00
3.834618536860167293e+00 1.490085129039258049e+00
3.860515555501830232e+00 1.438152333529634896e+00
3.886412574143493170e+00 1.386290162474763221e+00
3.912309592785156109e+00 1.334486816421617039e+00
3.938206611426819048e+00 1.282764595668982821e+00
3.964103630068481987e+00 1.231150001275276296e+00
3.990000648710144926e+00 1.179620437896850227e+00
4.015897667351807421e+00 1.128151269864952067e+00
4.041794685993470360e+00 1.076735815267597207e+00
4.067691704635133298e+00 1.025416572912220214e+00
4.093588723276796237e+00 9.741986491462473197e-01
4.119485741918459176e+00 9.230579111133994097e-01
4.145382760560122115e+00 8.719689437019364497e-01
4.171279779201785942e+00 8.209369860071771274e-01
4.197176797843448881e+00 7.700043334406845297e-01
4.223073816485111820e+00 7.191680406324937325e-01
4.248970835126774759e+00 6.684042711989289787e-01
4.274867853768437698e+00 6.176862316764399896e-01
4.300764872410100637e+00 5.670298013886450050e-01
4.326661891051763575e+00 5.164681282065406442e-01
4.352558909693426514e+00 4.659996409297590403e-01
4.378455928335089453e+00 4.156026078015843672e-01
4.404352946976752392e+00 3.652501256027963494e-01
4.430249965618415331e+00 3.149573621972013848e-01
4.456146984260078270e+00 2.647523074975797197e-01
4.482044002901741209e+00 2.146380086383493924e-01
4.507941021543404148e+00 1.645975572135462139e-01
4.533838040185067086e+00 1.146045676286605447e-01
4.559735058826730025e+00 6.466544716079440647e-02
4.585632077468392964e+00 1.480446780630728480e-02
4.611529096110055903e+00 -3.496950055957137593e-02
4.637426114751718842e+00 -8.466540077963324862e-02
4.663323133393381781e+00 -1.343065394970261173e-01
4.689220152035044720e+00 -1.838990714158053319e-01
4.715117170676707659e+00 -2.334253093778753119e-01
4.741014189318370597e+00 -2.828720279753006439e-01
4.766911207960033536e+00 -3.322382917303765004e-01
4.792808226601696475e+00 -3.815387774372877572e-01
4.818705245243359414e+00 -4.307898463405853695e-01
4.844602263885022353e+00 -4.799860467490994487e-01
4.870499282526685292e+00 -5.291149098855835176e-01
4.896396301168348231e+00 -5.781672726084551295e-01
4.922293319810011170e+00 -6.271445192509779165e-01
4.948190338451674108e+00 -6.760614382525290678e-01
4.974087357093337047e+00 -7.249285159999986350e-01
4.999984375734999986e+00 -7.737420397300365238e-01
5.025881394376662925e+00 -8.224912684240224259e-01
5.051778413018325864e+00 -8.711666138344320576e-01
5.077675431659988803e+00 -9.197656990283951117e-01
5.103572450301651742e+00 -9.683065087261316650e-01
5.129469468943314681e+00 -1.016801103563090836e+00
5.155366487584977619e+00 -1.065247204686305293e+00
5.181263506226640558e+00 -1.113633500922942332e+00
5.207160524868303497e+00 -1.161942535729685311e+00
5.233057543509966436e+00 -1.210171607908415714e+00
5.258954562151629375e+00 -1.258346265407601638e+00
5.284851580793292314e+00 -1.306480367079887461e+00
5.310748599434955253e+00 -1.354573159941087734e+00
5.336645618076618192e+00 -1.402611077809593265e+00
5.362542636718281130e+00 -1.450559494933728599e+00
5.388439655359944069e+00 -1.498429336112709009e+00
5.414336674001607008e+00 -1.546247798378103999e+00
5.440233692643269947e+00 1.547560976043404368e+00
5.466130711284932886e+00 1.499809646865340351e+00
5.492027729926595825e+00 1.452113295122439141e+00
5.517924748568258764e+00 1.404513236051087688e+00
5.543821767209921703e+00 1.356991214257723177e+00
5.569718785851584641e+00 1.309519849610896847e+00
5.595615804493247580e+00 1.262078470386731821e+00
5.621512823134910519e+00 1.214660144822752974e+00
5.647409841776573458e+00 1.167299092894563461e+00
5.673306860418236397e+00 1.120033127760108993e+00
5.699203879059899336e+00 1.072846659499384847e+00
5.725100897701562275e+00 1.025713542892658481e+00
5.750997916343225214e+00 9.786092959580121597e-01
5.776894934984888152e+00 9.315206514270967242e-01
5.802791953626551980e+00 8.844863331068928414e-01
5.828688972268214918e+00 8.375402939557454740e-01
5.854585990909877857e+00 7.906756670513045426e-01
5.880483009551540796e+00 7.438705509061528387e-01
5.906380028193203735e+00 6.970986898567327339e-01
5.932277046834866674e+00 6.503402951088834705e-01
5.958174065476529613e+00 6.036248079268757838e-01
5.984071084118192552e+00 5.569863424140267805e-01
6.009968102759855491e+00 5.104286835148883483e-01
6.035865121401518429e+00 4.639381397203849455e-01
6.061762140043181368e+00 4.174910763669798519e-01
6.087659158684844307e+00 3.710628363441147992e-01
6.113556177326507246e+00 3.246638146900661659e-01
6.139453195968170185e+00 2.783254077913013824e-01
6.165350214609833124e+00 2.320611546598859432e-01
6.191247233251496063e+00 1.858686120048535506e-01
6.217144251893159002e+00 1.397324039855075695e-01
6.243041270534821940e+00 9.362917786372988715e-02
6.268938289176484879e+00 4.754864322744290633e-02
6.294835307818147818e+00 1.510361463018683285e-03
6.320732326459810757e+00 -4.446796390814105465e-02
6.346629345101473696e+00 -9.037821041487641149e-02
6.372526363743136635e+00 -1.362235661232357731e-01
6.398423382384799574e+00 -1.820179817317396642e-01
6.424320401026462513e+00 -2.277805070573813429e-01
6.450217419668125451e+00 -2.735123606634665139e-01
6.476114438309788390e+00 -3.192020038267937010e-01
6.502011456951451329e+00 -3.648372458885975611e-01
6.527908475593114268e+00 -4.104105207410682632e-01
6.553805494234777207e+00 -4.559222372831979175e-01
6.579702512876440146e+00 -5.013818687530021689e-01
6.605599531518103085e+00 -5.468040545355586923e-01
6.631496550159766024e+00 -5.921944942539209000e-01
6.657393568801428962e+00 -6.375481941329071978e-01
6.683290587443091901e+00 -6.828552884525435074e-01
6.709187606084754840e+00 -7.281062252779902932e-01
6.735084624726417779e+00 -7.732954912008612736e-01
6.760981643368080718e+00 -8.184231885636614745e-01
6.786878662009743657e+00 -8.635095534553185459e-01
6.812775680651406596e+00 -9.085669498908427455e-01
6.838672699293069535e+00 -9.535955326870401150e-01
6.864569717934732473e+00 -9.985870563868062266e-01
6.890466736576395412e+00 -1.043529170715355114e+00
6.916363755218058351e+00 -1.088402692577157493e+00
6.942260773859721290e+00 -1.133204172304160151e+00
6.968157792501384229e+00 -1.177961791900862476e+00
6.994054811143047168e+00 -1.222693548019796017e+00
7.019951829784710107e+00 -1.267405064931490077e+00
7.045848848426373046e+00 -1.312090824019115143e+00
7.071745867068035984e+00 -1.356736056149353997e+00
7.097642885709698923e+00 -1.401298801246183334e+00
7.123539904351361862e+00 -1.445784123733872883e+00
7.149436922993024801e+00 -1.490221559016388309e+00
7.175333941634687740e+00 -1.534633964272349216e+00
7.201230960276350679e+00 1.562559332182794192e+00
7.227127978918013618e+00 1.518173491944147635e+00
7.253024997559676557e+00 1.473820773417568786e+00
7.278922016201339495e+00 1.429557299459435882e+00
7.304819034843002434e+00 1.385375055933876220e+00
7.330716053484665373e+00 1.341247208577481143e+00
7.356613072126328312e+00 1.297147831372633231e+00
7.382510090767991251e+00 1.253058372574194168e+00
7.408407109409654190e+00 1.208971824735957767e+00
7.434304128051317129e+00 1.164910489180445818e+00
7.460201146692980068e+00 1.120933696547659730e+00
7.486098165334643895e+00 1.077039538447561950e+00
7.511995183976306834e+00 1.033207768840401330e+00
7.537892202617969772e+00 9.894128638617657456e-01
7.563789221259632711e+00 9.456314160833760862e-01
7.589686239901295650e+00 9.018480690590293669e-01
7.615583258542958589e+00 8.580795227870374742e-01
7.641480277184621528e+00 8.143804444383678787e-01
7.667377295826284467e+00 7.707599127023856411e-01
7.693274314467947406e+00 7.272080362330212155e-01
7.719171333109610345e+00 6.837045496151463730e-01
7.745068351751273283e+00 6.402254447474386989e-01
7.770965370392936222e+00 5.967492427699687685e-01
7.796862389034599161e+00 5.532783108631763591e-01
7.822759407676262100e+00 5.098551200038736742e-01
7.848656426317925039e+00 4.664984958501412482e-01
7.874553444959587978e+00 4.232105140383223274e-01
7.900450463601250917e+00 3.799807645010558343e-01
7.926347482242913856e+00 3.367905950726138298e-01
7.952244500884576794e+00 2.936180299412050609e-01
7.978141519526239733e+00 2.504504276733204304e-01
8.004038538167902672e+00 2.073093915336855497e-01
8.029935556809565611e+00 1.642161277947215281e-01
8.055832575451228550e+00 1.211819261691810395e-01
8.081729594092891489e+00 7.820788502980584311e-02
8.107626612734554428e+00 3.528578882446556375e-02
8.133523631376217367e+00 -7.599675586900396518e-03
8.159420650017880305e+00 -5.046604404348647294e-02
8.185317668659543244e+00 -9.331544990592252620e-02
8.211214687301206183e+00 -1.361359031883014881e-01
8.237111705942869122e+00 -1.789148312396597329e-01
8.263008724584532061e+00 -2.216432640920776298e-01
8.288905743226195000e+00 -2.643181550758557097e-01
8.314802761867859715e+00 -3.069432406067282293e-01
8.340699780509522654e+00 -3.495280891899847919e-01
8.366596799151185593e+00 -3.920848406250979634e-01
8.392493817792848532e+00 -4.346199823096937309e-01
8.418390836434511471e+00 -4.771305165563025641e-01
8.444287855076174409e+00 -5.196084971965776456e-01
8.470184873717837348e+00 -5.620450651965228639e-01
8.496081892359500287e+00 -6.044334744299039164e-01
8.521978911001163226e+00 -6.467708377508991635e-01
8.547875929642826165e+00 -6.890552912710146138e-01
8.573772948284489104e+00 -7.313040789617665238e-01
8.599669966926152043e+00 -7.735318135373204784e-01
8.625566985567814982e+00 -8.157419112098843739e-01
8.651464004209477920e+00 -8.579298353093732787e-01
8.677361022851140859e+00 -9.000863140477644020e-01
8.703258041492803798e+00 -9.422002664066622124e-01
8.729155060134466737e+00 -9.842537643867755870e-01
8.755052078776129676e+00 -1.026239727201901708e+00
8.780949097417792615e+00 -1.068186647568707182e+00
8.806846116059455554e+00 -1.110114280614652449e+00
8.832743134701118493e+00 -1.152031542897754779e+00
8.858640153342781431e+00 -1.193937573384993955e+00
8.884537171984444370e+00 -1.235823542527798136e+00
8.910434190626107309e+00 -1.277672876364297494e+00
8.936331209267770248e+00 -1.319440269903796148e+00
8.962228227909433187e+00 -1.361135968857790646e+00
8.988125246551096126e+00 -1.402789560961853699e+00
9.014022265192759065e+00 -1.444424338736641111e+00
9.039919283834422004e+00 -1.486054408513017622e+00
9.065816302476084942e+00 -1.527683575282600570e+00
9.091713321117747881e+00 -1.569305366358058063e+00
9.117610339759410820e+00 1.530706416781039803e+00
9.143507358401073759e+00 1.489216838607761106e+00
9.169404377042736698e+00 1.447800103628301027e+00
9.195301395684399637e+00 1.406429482904601125e+00
9.221198414326062576e+00 1.365079978941498684e+00
9.247095432967725515e+00 1.323732917856072167e+00
9.272992451609388453e+00 1.282378941515339488e+00
9.298889470251051392e+00 1.241020463733457202e+00
